0
1
2
3
4
6
7
8
9
11
12
13
14
16
18
19
20
21
22
23
26
27
29
30
31
33
34
35
39
40
43
44
47
48
49
50
51
54
56
57
58
59
60
61
62
63
64
65
66
67
68
69
70
71
72
73
74
77
78
79
80
82
83
85
88
89
90
91
92
95
96
97
98
99
100
102
103
105
106
107
108
109
110
111
112
113
115
116
117
118
121
122
123
124
126
127
130
131
132
133
135
136
140
141
142
144
145
146
147
148
149
150
151
153
154
155
156
158
160
161
164
166
167
171
173
174
175
176
177
179
180
181
182
183
186
187
188
190
193
194
195
197
198
199
200
202
203
206
207
208
209
210
211
212
214
215
216
217
218
219
221
222
223
224
227
228
229
230
231
232
233
234
235
236
239
240
242
243
244
245
246
247
249
250
252
253
254
255
256
257
258
259
260
261
266
267
268
269
271
272
273
274
275
276
277
278
280
281
283
284
287
288
290
291
292
293
294
296
297
298
299
302
306
308
309
310
312
315
317
318
319
320
321
322
323
328
329
331
332
334
336
338
339
342
343
344
346
347
348
349
350
351
354
356
358
360
361
362
364
365
367
369
371
372
373
374
376
378
379
380
382
383
386
387
388
389
390
391
392
393
394
396
397
398
399
400
401
402
406
408
409
410
411
412
413
415
416
417
418
420
422
424
426
428
429
430
432
435
436
437
438
439
442
443
444
445
446
447
448
449
450
451
452
453
455
456
457
461
462
463
464
465
466
469
471
472
473
474
475
476
477
478
481
482
483
485
486
487
488
489
490
493
495
496
498
499
500
503
504
505
506
507
508
509
510
513
514
515
516
517
521
524
527
528
531
532
533
536
537
541
543
544
546
547
549
550
551
552
556
558
560
561
562
563
565
567
569
572
573
574
575
576
577
578
579
580
581
582
583
584
585
588
589
591
592
593
594
595
597
598
599
601
602
603
605
606
607
608
609
610
611
612
613
614
615
616
617
619
620
621
622
623
624
625
626
627
628
629
630
631
632
633
634
635
636
638
639
640
642
643
647
648
649
650
652
653
654
656
657
662
663
664
665
667
668
669
670
671
672
673
674
675
676
679
680
683
684
685
687
689
690
692
694
701
703
704
705
706
709
712
713
715
716
717
719
723
724
725
727
728
730
732
733
734
735
739
740
742
743
744
746
747
749
752
753
754
755
756
757
758
759
760
761
762
763
765
766
770
771
772
774
777
778
779
780
782
783
785
786
788
789
793
794
796
800
804
805
807
809
810
816
818
820
822
823
824
825
826
827
829
830
831
832
834
837
841
844
849
853
855
857
859
860
863
866
867
869
871
872
874
875
876
877
878
879
880
881
882
883
884
889
891
892
894
897
898
899
900
901
902
903
904
907
909
911
913
914
918
920
922
923
927
928
929
930
931
933
934
936
937
938
939
940
942
943
944
946
948
952
954
955
958
960
965
967
968
969
970
971
972
973
974
975
976
977
978
979
980
981
983
984
985
986
988
990
991
994
995
996
998
999
1000
1001
1002
1003
1006
1007
1008
1009
1012
1013
1015
1016
1020
1021
1022
1023
1024
1025
1026
1027
1028
1031
1032
1033
1035
1036
1038
1039
1040
1043
1044
1045
1047
1048
1049
1052
1053
1054
1056
1058
1059
1060
1063
1064
1065
1066
1067
1068
1069
1070
1072
1073
1074
1075
1076
1077
1078
1079
1080
1083
1092
1097
1099
1102
1103
1104
1105
1109
1110
1111
1113
1114
1115
1120
1121
1123
1124
1125
1127
1129
1130
1131
1133
1137
1140
1144
1145
1146
1147
1148
1150
1151
1155
1156
1158
1159
1160
1162
1163
1164
1165
1166
1167
1169
1170
1172
1173
1181
1184
1185
1186
1187
1189
1190
1192
1193
1196
1197
1198
1200
1202
1203
1204
1205
1207
1209
1210
1212
1213
1215
1216
1217
1218
1219
1220
1222
1225
1228
1229
1230
1231
1233
1234
1235
1238
1239
1240
1245
1247
1249
1250
1253
1254
1255
1258
1260
1261
1262
1264
1265
1267
1268
1270
1271
1272
1274
1275
1277
1278
1280
1282
1287
1290
1291
1292
1293
1295
1296
1297
1298
1299
1300
1302
1303
1304
1309
1310
1311
1313
1316
1318
1320
1321
1323
1324
1325
1326
1327
1328
1329
1330
1332
1333
1337
1338
1339
1340
1341
1343
1344
1345
1348
1351
1356
1361
1363
1364
1365
1366
1367
1368
1369
1370
1371
1372
1373
1374
1375
1377
1379
1380
1381
1382
1383
1384
1387
1389
1391
1392
1393
1395
1397
1398
1399
1401
1402
1403
1404
1405
1408
1409
1411
1412
1414
1415
1416
1417
1418
1419
1420
1421
1422
1423
1424
1425
1426
1427
1428
1430
1431
1432
1435
1436
1437
1445
1446
1447
1452
1454
1455
1458
1459
1460
1461
1462
1463
1464
1465
1466
1467
1468
1471
1476
1479
1484
1486
1488
1493
1495
1496
1497
1500
1502
1503
1506
1507
1508
1510
1511
1516
1517
1518
1519
1520
1524
1525
1528
1529
1531
1541
1544
1549
1552
1553
1556
1560
1563
1566
1567
1572
1575
1579
1581
1584
1585
1586
1587
1593
1594
1600
1601
1606
1609
1611
1612
1615
1618
1620
1622
1623
1624
1626
1627
1629
1632
1633
1634
1635
1639
1641
1642
1643
1644
1645
1646
1650
1652
1653
1654
1656
1657
1658
1659
1661
1663
1664
1665
1666
1668
1669
1672
1673
1674
1676
1677
1678
1684
1686
1688
1689
1691
1692
1693
1694
1695
1696
1697
1699
1701
1702
1705
1706
1707
1709
1711
1716
1717
1718
1719
1720
1722
1724
1725
1727
1728
1729
1730
1732
1733
1734
1735
1736
1737
1738
1739
1740
1741
1742
1743
1744
1748
1749
1750
1751
1752
1757
1759
1761
1762
1763
1764
1765
1766
1767
1768
1769
1770
1771
1773
1775
1777
1778
1779
1780
1781
1783
1784
1785
1787
1788
1789
1790
1791
1792
1793
1794
1797
1798
1799
1800
1801
1804
1805
1806
1808
1809
1812
1813
1814
1815
1816
1817
1818
1820
1823
1824
1825
1827
1828
1831
1832
1833
1834
1835
1836
1837
1839
1840
1842
1848
1851
1854
1855
1856
1857
1858
1859
1860
1861
1862
1863
1864
1867
1870
1875
1877
1878
1879
1880
1881
1886
1887
1889
1891
1893
1894
1896
1898
1901
1903
1904
1905
1906
1907
1912
1914
1915
1916
1921
1922
1923
1931
1932
1938
1940
1943
1945
1947
1950
1951
1954
1958
1961
1966
1967
1976
1977
1980
1984
1987
1988
1989
1990
1996
1997
2002
2004
2005
2008
2010
2011
2014
2015
2016
2017
2018
2019
2020
2021
2022
2024
2028
2029
2030
2037
2039
2040
2041
2042
2046
2047
2048
2050
2052
2054
2055
2057
2059
2060
2062
2063
2065
2068
2072
2073
2074
2077
2078
2079
2080
2084
2085
2088
2089
2090
2091
2092
2093
2094
2095
2102
2105
2107
2108
2110
2113
2114
2115
2116
2117
2118
2120
2121
2123
2124
2126
2128
2130
2131
2132
2133
2134
2135
2136
2140
2144
2145
2147
2148
2149
2150
2151
2155
2156
2158
2159
2160
2162
2164
2165
2166
2167
2168
2169
2170
2171
2172
2174
2175
2176
2178
2179
2182
2183
2184
2185
2187
2188
2189
2191
2193
2195
2196
2197
2198
2200
2201
2202
2203
2204
2205
2206
2207
2208
2209
2210
2211
2212
2213
2214
2215
2218
2219
2220
2222
2223
2224
2226
2227
2228
2229
2235
2237
2239
2241
2244
2248
2249
2250
2251
2252
2253
2254
2255
2256
2257
2258
2259
2268
2269
2272
2275
2276
2277
2278
2281
2282
2283
2285
2287
2290
2291
2292
2294
2296
2297
2298
2299
2300
2301
2302
2303
2304
2305
2306
2308
2309
2310
2311
2312
2318
2327
2328
2329
2331
2333
2339
2341
2342
2344
2346
2348
2351
2356
2359
2360
2362
2363
2365
2366
2367
2370
2374
2376
2377
2380
2383
2384
2387
2393
2394
2398
2403
2404
2405
2406
2407
2409
2410
2413
2414
2421
2423
2426
2432
2434
2435
2437
2438
2442
2445
2447
2448
2449
2451
2452
2454
2455
2456
2457
2458
2459
2460
2462
2466
2467
2469
2476
2480
2481
2482
2483
2484
2485
2486
2487
2488
2490
2491
2493
2497
2498
2499
2504
2505
2506
2507
2508
2509
2510
2511
2512
2513
2514
2516
2519
2520
2524
2525
2526
2527
2528
2529
2530
2531
2532
2533
2535
2536
2538
2541
2543
2545
2546
2547
2548
2549
2550
2551
2552
2553
2554
2556
2557
2558
2560
2561
2563
2564
2565
2566
2567
2570
2571
2572
2573
2574
2575
2578
2580
2581
2582
2583
2584
2585
2587
2588
2589
2591
2593
2595
2596
2599
2600
2601
2603
2604
2605
2607
2608
2609
2610
2611
2612
2613
2615
2616
2617
2618
2619
2620
2621
2623
2624
2626
2633
2634
2638
2640
2643
2645
2646
2647
2648
2649
2650
2651
2652
2653
2654
2655
2656
2660
2661
2663
2668
2671
2672
2679
2681
2686
2688
2694
2695
2696
2698
2700
2701
2704
2706
2707
2709
2714
2716
2720
2722
2723
2724
2725
2726
2727
2730
2733
2734
2741
2742
2744
2746
2750
2752
2756
2757
2760
2764
2766
2767
2768
2771
2774
2776
2778
2780
2782
2786
2789
2795
2797
2798
2800
2804
2806
2807
2808
2809
2810
2811
2815
2821
2825
2832
2833
2838
2846
2847
2848
2850
2851
2854
2856
2858
2860
2862
2865
2872
2876
2877
2878
2880
2881
2882
2883
2884
2886
2887
2888
2892
2893
2897
2898
2900
2901
2902
2903
2904
2905
2906
2907
2908
2909
2910
2913
2917
2919
2920
2921
2922
2923
2924
2925
2926
2927
2928
2929
2930
2931
2932
2934
2939
2941
2942
2943
2945
2947
2948
2949
2950
2952
2953
2954
2956
2957
2958
2959
2960
2961
2963
2966
2967
2968
2969
2970
2971
2974
2975
2976
2977
2978
2979
2980
2981
2983
2984
2985
2987
2988
2989
2991
2992
2993
2994
2996
2999
3000
3001
3004
3005
3006
3007
3008
3009
3010
3011
3012
3013
3014
3015
3016
3017
3018
3019
3020
3023
3030
3031
3033
3036
3038
3039
3040
3041
3042
3043
3044
3045
3046
3047
3048
3049
3050
3052
3053
3056
3062
3065
3067
3068
3071
3075
3080
3082
3083
3084
3086
3088
3090
3092
3093
3095
3096
3097
3098
3100
3101
3103
3104
3111
3113
3119
3120
3122
3123
3131
3132
3138
3139
3144
3155
3161
3164
3168
3177
3178
3181
3192
3194
3199
3200
3202
3203
3204
3205
3206
3212
3214
3224
3226
3228
3229
3233
3235
3237
3240
3242
3243
3244
3245
3246
3247
3248
3250
3254
3256
3257
3259
3261
3262
3266
3268
3270
3272
3274
3277
3280
3281
3283
3289
3295
3296
3298
3299
3300
3301
3302
3303
3305
3306
3308
3312
3316
3317
3318
3320
3321
3322
3323
3324
3327
3328
3329
3330
3331
3333
3335
3336
3338
3340
3341
3343
3344
3346
3348
3350
3353
3354
3355
3356
3362
3363
3364
3365
3366
3368
3371
3373
3374
3375
3376
3377
3379
3380
3383
3384
3385
3387
3388
3389
3390
3391
3392
3394
3395
3397
3398
3399
3400
3401
3402
3404
3405
3406
3407
3408
3409
3410
3411
3412
3413
3415
3416
3417
3421
3424
3426
3427
3428
3430
3432
3437
3438
3439
3440
3441
3442
3443
3444
3445
3446
3451
3452
3458
3459
3461
3462
3465
3466
3468
3471
3473
3475
3476
3477
3478
3480
3483
3484
3488
3489
3491
3492
3493
3494
3495
3496
3497
3499
3507
3509
3514
3515
3516
3517
3520
3524
3528
3533
3539
3541
3542
3545
3547
3550
3567
3568
3571
3572
3574
3577
3580
3590
3592
3596
3598
3601
3603
3605
3620
3621
3623
3624
3627
3628
3632
3633
3634
3636
3639
3640
3641
3643
3646
3649
3652
3653
3654
3655
3657
3662
3663
3666
3670
3671
3672
3673
3674
3676
3677
3678
3679
3680
3681
3689
3690
3691
3692
3693
3695
3696
3697
3698
3699
3701
3702
3704
3705
3706
3708
3709
3710
3714
3715
3716
3717
3718
3719
3720
3722
3723
3724
3726
3727
3729
3730
3731
3732
3733
3734
3737
3740
3741
3742
3744
3745
3746
3749
3750
3752
3756
3757
3758
3759
3760
3761
3762
3763
3764
3765
3766
3767
3769
3770
3772
3773
3774
3775
3777
3779
3780
3781
3782
3783
3784
3785
3786
3787
3788
3789
3791
3792
3793
3794
3795
3796
3797
3798
3799
3800
3802
3803
3804
3805
3806
3807
3808
3809
3810
3811
3812
3817
3823
3824
3829
3830
3831
3833
3834
3835
3836
3837
3838
3839
3840
3841
3842
3845
3849
3852
3856
3859
3860
3861
3862
3863
3864
3868
3869
3871
3877
3880
3884
3885
3888
3889
3891
3892
3893
3895
3896
3897
3899
3903
3904
3910
3911
3912
3934
3942
3945
3946
3947
3952
3955
3956
3957
3958
3959
3967
3971
3973
3974
3982
3985
3991
3997
3998
4001
4003
4010
4016
4019
4021
4024
4027
4028
4029
4032
4033
4034
4035
4036
4037
4039
4040
4042
4045
4047
4054
4058
4060
4063
4066
4068
4069
4071
4072
4074
4075
4081
4083
4087
4090
4091
4093
4094
4098
4099
4100
4101
4102
4103
4105
4108
4109
4110
4111
4112
4113
4114
4115
4116
4118
4119
4120
4123
4124
4125
4126
4127
4129
4130
4132
4133
4135
4136
4138
4139
4140
4141
4142
4145
4146
4148
4151
4152
4153
4154
4155
4156
4158
4159
4161
4163
4165
4166
4168
4169
4171
4173
4175
4176
4179
4180
4181
4183
4184
4186
4187
4188
4189
4190
4191
4192
4193
4194
4195
4196
4197
4198
4199
4200
4201
4202
4204
4205
4206
4207
4208
4210
4211
4214
4218
4219
4223
4224
4230
4231
4232
4233
4234
4235
4236
4237
4238
4241
4245
4248
4251
4255
4257
4258
4262
4264
4269
4273
4279
4280
4283
4285
4286
4287
4288
4289
4291
4292
4294
4295
4297
4298
4299
4304
4308
4311
4315
4316
4320
4323
4329
4337
4340
4341
4347
4348
4350
4359
4360
4366
4370
4374
4375
4380
4381
4384
4387
4388
4390
4391
4393
4394
4396
4402
4413
4420
4423
4428
4430
4431
4432
4435
4436
4438
4440
4441
4443
4445
4446
4447
4448
4450
4454
4456
4457
4459
4462
4464
4465
4466
4468
4470
4471
4472
4473
4479
4481
4482
4483
4486
4487
4488
4489
4490
4491
4494
4496
4498
4499
4502
4503
4505
4506
4507
4508
4509
4510
4511
4512
4514
4515
4516
4518
4520
4521
4523
4525
4526
4528
4529
4531
4533
4534
4536
4537
4541
4542
4543
4544
4545
4547
4549
4550
4551
4552
4553
4554
4555
4556
4559
4562
4563
4564
4566
4568
4569
4570
4571
4573
4575
4576
4578
4579
4581
4583
4584
4585
4588
4589
4590
4592
4593
4594
4595
4596
4597
4598
4599
4600
4601
4602
4603
4604
4610
4612
4616
4619
4620
4621
4622
4623
4626
4627
4628
4629
4630
4631
4632
4633
4634
4636
4637
4639
4642
4644
4651
4654
4656
4660
4661
4662
4665
4667
4669
4673
4674
4676
4680
4681
4684
4685
4687
4691
4693
4694
4695
4703
4704
4711
4713
4716
4718
4719
4721
4723
4724
4732
4735
4736
4737
4741
4755
4767
4776
4779
4782
4784
4786
4789
4790
4799
4800
4802
4808
4811
4819
4823
4827
4829
4831
4832
4834
4836
4839
4843
4844
4846
4850
4853
4855
4857
4858
4861
4862
4863
4864
4867
4869
4873
4874
4875
4880
4882
4884
4885
4886
4890
4891
4893
4894
4895
4896
4898
4900
4901
4902
4904
4905
4906
4907
4909
4910
4911
4912
4913
4914
4915
4916
4919
4920
4922
4924
4925
4926
4927
4932
4933
4934
4937
4938
4939
4941
4943
4944
4945
4946
4947
4948
4949
4950
4955
4957
4959
4961
4962
4966
4967
4969
4971
4972
4973
4974
4976
4977
4978
4979
4980
4981
4983
4984
4985
4986
4988
4989
4990
4991
4992
4993
4994
4996
4997
4998
4999
5000
5010
5011
5012
5013
5016
5017
5018
5022
5023
5024
5025
5026
5027
5028
5029
5030
5033
5034
5035
5038
5040
5044
5050
5051
5054
5057
5061
5062
5067
5069
5070
5071
5072
5073
5075
5076
5077
5078
5080
5081
5083
5084
5085
5086
5088
5089
5098
5100
5101
5104
5113
5119
5122
5123
5125
5134
5136
5141
5154
5163
5165
5173
5175
5176
5179
5185
5193
5200
5210
5214
5222
5224
5226
5229
5235
5236
5238
5239
5241
5243
5244
5249
5250
5252
5253
5255
5256
5257
5258
5259
5262
5266
5270
5272
5273
5274
5275
5277
5279
5280
5281
5282
5285
5286
5287
5289
5291
5293
5296
5298
5299
5300
5301
5302
5305
5306
5307
5308
5309
5314
5316
5317
5319
5320
5322
5323
5324
5327
5328
5329
5330
5332
5333
5334
5335
5336
5338
5339
5340
5342
5343
5347
5348
5349
5350
5353
5354
5358
5360
5362
5364
5365
5367
5368
5374
5376
5379
5380
5381
5383
5385
5386
5387
5388
5389
5391
5392
5393
5394
5395
5400
5412
5413
5415
5417
5418
5419
5420
5421
5422
5423
5424
5425
5429
5435
5436
5437
5438
5439
5445
5447
5449
5452
5456
5459
5463
5464
5467
5468
5469
5470
5471
5474
5475
5476
5478
5480
5484
5494
5495
5507
5514
5515
5521
5526
5528
5531
5532
5533
5534
5537
5538
5539
5545
5560
5573
5574
5579
5580
5583
5614
5617
5620
5621
5624
5625
5632
5633
5635
5639
5642
5648
5649
5651
5652
5653
5654
5657
5665
5667
5669
5673
5674
5675
5676
5678
5680
5681
5682
5684
5685
5687
5688
5690
5691
5693
5694
5695
5696
5697
5698
5700
5702
5703
5704
5705
5707
5708
5709
5712
5714
5715
5716
5717
5718
5719
5720
5721
5722
5723
5724
5727
5728
5729
5730
5731
5732
5733
5735
5737
5740
5742
5743
5744
5748
5749
5752
5753
5754
5755
5757
5759
5761
5762
5763
5765
5766
5767
5768
5769
5771
5773
5774
5775
5778
5780
5781
5783
5784
5786
5787
5788
5789
5790
5792
5795
5800
5803
5805
5806
5808
5812
5813
5814
5815
5816
5817
5818
5819
5820
5830
5831
5836
5837
5840
5844
5851
5853
5856
5858
5862
5863
5864
5866
5867
5868
5870
5872
5873
5874
5875
5878
5882
5886
5889
5890
5893
5895
5899
5900
5905
5908
5910
5913
5918
5923
5927
5937
5942
5944
5953
5964
5969
5974
5975
5978
5997
6002
6005
6009
6010
6011
6016
6019
6023
6024
6028
6029
6032
6033
6034
6038
6039
6040
6042
6043
6044
6045
6046
6047
6049
6051
6052
6053
6054
6061
6064
6065
6067
6069
6070
6071
6072
6073
6075
6076
6079
6080
6083
6084
6086
6088
6089
6090
6091
6093
6095
6097
6098
6099
6101
6102
6103
6104
6107
6109
6110
6111
6112
6113
6114
6115
6116
6117
6118
6119
6120
6122
6123
6125
6126
6128
6129
6130
6132
6133
6137
6138
6139
6140
6141
6143
6144
6145
6146
6148
6149
6150
6152
6155
6156
6157
6159
6160
6161
6162
6163
6164
6166
6169
6170
6171
6174
6175
6176
6177
6178
6179
6181
6182
6183
6185
6187
6199
6203
6204
6207
6208
6209
6210
6211
6212
6213
6214
6215
6220
6222
6225
6227
6229
6235
6236
6238
6240
6244
6247
6249
6251
6253
6257
6258
6259
6260
6261
6263
6265
6266
6267
6268
6270
6273
6275
6282
6283
6284
6287
6290
6295
6296
6297
6300
6307
6308
6309
6310
6313
6315
6318
6322
6327
6344
6357
6359
6363
6385
6387
6392
6401
6403
6404
6408
6410
6413
6417
6419
6423
6427
6428
6437
6438
6440
6441
6444
6446
6447
6454
6455
6456
6457
6459
6460
6461
6463
6464
6465
6467
6469
6470
6471
6472
6473
6474
6477
6478
6479
6480
6481
6483
6484
6485
6486
6488
6490
6492
6493
6494
6497
6498
6499
6502
6504
6505
6506
6507
6508
6509
6510
6512
6513
6514
6515
6517
6518
6519
6521
6523
6525
6526
6527
6528
6532
6533
6534
6536
6537
6538
6539
6540
6541
6542
6544
6545
6546
6547
6550
6554
6555
6556
6558
6559
6563
6564
6565
6566
6567
6568
6569
6570
6572
6573
6574
6576
6577
6578
6579
6585
6586
6596
6602
6603
6604
6605
6606
6607
6608
6609
6610
6613
6616
6620
6630
6632
6633
6634
6637
6639
6646
6647
6649
6652
6653
6656
6658
6660
6661
6662
6663
6665
6666
6668
6671
6679
6680
6682
6684
6685
6688
6689
6696
6699
6702
6703
6707
6711
6713
6715
6726
6727
6755
6759
6761
6762
6763
6782
6783
6784
6792
6803
6805
6811
6812
6814
6816
6817
6818
6822
6828
6829
6830
6831
6832
6833
6835
6836
6841
6842
6852
6853
6854
6856
6859
6860
6862
6864
6865
6866
6867
6869
6870
6871
6872
6873
6876
6878
6880
6881
6883
6885
6887
6888
6889
6890
6891
6893
6894
6897
6899
6900
6901
6902
6903
6904
6905
6907
6908
6910
6913
6914
6915
6916
6917
6918
6919
6920
6921
6922
6923
6927
6928
6929
6931
6932
6933
6934
6935
6936
6941
6942
6945
6946
6947
6949
6950
6951
6953
6954
6955
6956
6958
6960
6961
6962
6964
6965
6966
6967
6968
6969
6971
6972
6973
6997
6998
6999
7000
7001
7002
7003
7004
7011
7012
7013
7016
7021
7024
7026
7029
7033
7034
7036
7038
7039
7047
7048
7049
7050
7051
7053
7054
7055
7056
7057
7063
7077
7078
7080
7086
7090
7093
7097
7103
7104
7109
7113
7117
7118
7147
7151
7154
7155
7156
7157
7158
7172
7180
7191
7193
7197
7198
7199
7213
7217
7224
7225
7228
7230
7231
7233
7234
7235
7236
7237
7238
7246
7247
7248
7249
7251
7253
7254
7256
7257
7260
7261
7262
7263
7267
7268
7269
7273
7274
7275
7276
7277
7278
7280
7282
7285
7286
7287
7288
7292
7293
7295
7296
7297
7298
7299
7300
7301
7302
7303
7304
7305
7308
7309
7311
7313
7314
7315
7316
7317
7318
7319
7322
7324
7325
7327
7328
7329
7331
7333
7335
7336
7337
7340
7341
7342
7343
7344
7345
7346
7348
7349
7350
7351
7353
7354
7355
7356
7357
7359
7360
7361
7362
7363
7366
7368
7369
7381
7385
7387
7388
7389
7390
7392
7393
7394
7395
7396
7398
7399
7404
7406
7408
7416
7420
7423
7424
7427
7429
7431
7434
7437
7438
7439
7442
7445
7446
7447
7448
7449
7450
7451
7452
7455
7457
7461
7466
7468
7470
7472
7473
7475
7477
7479
7480
7481
7488
7503
7511
7512
7513
7518
7525
7542
7546
7549
7553
7569
7574
7575
7580
7582
7585
7586
7589
7592
7593
7594
7600
7602
7604
7605
7608
7610
7612
7618
7619
7620
7621
7622
7623
7625
7626
7629
7632
7633
7637
7639
7640
7644
7647
7648
7649
7651
7652
7654
7655
7656
7658
7659
7662
7668
7669
7671
7672
7673
7675
7677
7678
7680
7681
7682
7683
7684
7686
7687
7688
7690
7693
7694
7696
7697
7698
7699
7700
7703
7704
7705
7706
7708
7710
7712
7713
7717
7718
7719
7720
7721
7723
7724
7725
7727
7728
7729
7730
7731
7732
7733
7735
7736
7738
7739
7740
7741
7743
7744
7745
7746
7748
7749
7750
7751
7752
7754
7755
7756
7757
7758
7761
7763
7764
7773
7776
7787
7788
7789
7790
7792
7793
7794
7795
7798
7799
7815
7816
7819
7820
7821
7822
7824
7826
7829
7830
7833
7837
7840
7843
7845
7847
7848
7849
7850
7854
7855
7862
7863
7864
7873
7874
7876
7877
7880
7884
7885
7886
7887
7888
7893
7896
7897
7904
7920
7922
7934
7937
7941
7947
7948
7967
7975
7976
7980
7984
7988
7989
7993
7995
7996
7999
8000
8002
8003
8007
8014
8016
8018
8019
8020
8021
8023
8026
8027
8032
8034
8035
8036
8038
8040
8042
8043
8044
8045
8046
8047
8051
8054
8055
8057
8058
8061
8063
8065
8066
8067
8068
8070
8072
8074
8075
8076
8077
8078
8080
8081
8082
8083
8086
8088
8089
8091
8092
8095
8097
8098
8099
8100
8101
8102
8104
8105
8106
8107
8108
8111
8112
8113
8114
8116
8118
8119
8120
8122
8123
8124
8125
8126
8127
8128
8129
8130
8131
8132
8133
8134
8135
8136
8138
8139
8140
8141
8143
8144
8145
8146
8147
8149
8150
8151
8152
8153
8156
8158
8159
8169
8170
8173
8176
8177
8178
8182
8183
8184
8185
8186
8188
8189
8197
8198
8199
8201
8202
8211
8212
8213
8214
8215
8216
8217
8218
8219
8220
8228
8229
8230
8232
8236
8238
8239
8240
8242
8245
8248
8250
8258
8259
8260
8266
8286
8287
8291
8304
8307
8315
8322
8331
8334
8336
8337
8339
8342
8343
8347
8361
8367
8370
8372
8380
8383
8384
8385
8386
8388
8390
8392
8393
8394
8397
8398
8400
8402
8410
8413
8414
8415
8416
8418
8419
8420
8421
8423
8424
8427
8431
8434
8437
8438
8440
8441
8442
8445
8448
8450
8453
8454
8456
8458
8460
8461
8463
8465
8467
8469
8470
8472
8473
8474
8475
8476
8477
8478
8479
8481
8483
8484
8485
8486
8487
8488
8489
8490
8491
8492
8493
8494
8495
8497
8500
8501
8502
8503
8504
8506
8507
8508
8509
8510
8511
8513
8514
8515
8516
8517
8518
8519
8520
8523
8525
8526
8527
8528
8529
8530
8531
8532
8533
8534
8536
8537
8538
8539
8540
8541
8542
8544
8545
8546
8547
8548
8550
8551
8552
8554
8570
8572
8573
8577
8578
8579
8580
8581
8583
8584
8589
8592
8601
8608
8609
8611
8612
8614
8621
8623
8624
8625
8627
8628
8629
8635
8636
8637
8639
8640
8646
8647
8651
8655
8659
8663
8666
8668
8669
8681
8683
8691
8693
8694
8699
8716
8717
8726
8728
8729
8730
8731
8732
8737
8739
8740
8751
8758
8762
8769
8773
8776
8777
8778
8779
8780
8784
8785
8787
8790
8792
8793
8795
8797
8802
8803
8806
8807
8808
8811
8812
8813
8814
8815
8822
8823
8825
8826
8829
8831
8833
8834
8835
8836
8839
8840
8841
8842
8843
8845
8847
8848
8849
8850
8851
8853
8855
8856
8857
8858
8860
8862
8863
8865
8866
8867
8868
8869
8870
8871
8872
8873
8874
8876
8878
8879
8880
8881
8883
8884
8885
8887
8888
8889
8894
8895
8896
8897
8898
8901
8903
8904
8905
8907
8908
8909
8910
8911
8912
8913
8914
8915
8916
8918
8920
8921
8923
8924
8925
8926
8928
8929
8930
8931
8933
8934
8935
8936
8937
8939
8940
8941
8942
8943
8945
8946
8948
8949
8957
8958
8965
8968
8972
8973
8974
8975
8976
8978
8979
8984
8992
8994
8996
9003
9004
9006
9009
9016
9018
9022
9025
9029
9030
9031
9032
9034
9035
9041
9042
9046
9048
9049
9050
9055
9058
9060
9062
9071
9075
9076
9083
9091
9094
9110
9121
9122
9126
9130
9132
9133
9134
9135
9151
9152
9157
9169
9170
9171
9172
9173
9174
9175
9179
9180
9181
9182
9184
9187
9189
9190
9193
9194
9195
9198
9199
9200
9203
9204
9205
9206
9208
9212
9214
9218
9221
9222
9223
9225
9226
9230
9237
9242
9244
9245
9246
9247
9248
9250
9251
9253
9255
9257
9260
9261
9262
9263
9265
9266
9267
9271
9273
9274
9275
9276
9277
9278
9279
9280
9281
9282
9284
9289
9290
9291
9292
9293
9294
9296
9297
9298
9299
9300
9301
9303
9305
9306
9307
9308
9309
9310
9311
9312
9313
9315
9318
9320
9321
9323
9324
9325
9326
9327
9328
9329
9330
9331
9332
9334
9335
9336
9337
9338
9339
9340
9341
9342
9344
9355
9363
9367
9368
9369
9370
9371
9372
9373
9374
9379
9384
9391
9392
9398
9399
9401
9402
9404
9415
9416
9417
9420
9424
9425
9426
9427
9428
9429
9430
9437
9443
9444
9445
9451
9454
9456
9460
9466
9473
9475
9476
9481
9483
9488
9499
9516
9518
9527
9528
9529
9540
9546
9547
9552
9553
9561
9564
9565
9567
9570
9574
9575
9576
9577
9579
9581
9582
9585
9587
9589
9592
9595
9598
9599
9600
9601
9603
9605
9608
9609
9612
9616
9621
9623
9625
9626
9627
9628
9630
9631
9632
9637
9639
9640
9641
9642
9643
9646
9648
9650
9652
9656
9657
9658
9659
9660
9661
9662
9666
9669
9670
9671
9672
9675
9676
9677
9678
9679
9685
9686
9687
9688
9689
9692
9693
9694
9695
9698
9700
9702
9704
9705
9706
9707
9708
9709
9710
9712
9713
9714
9715
9716
9718
9719
9720
9721
9722
9724
9726
9727
9729
9730
9731
9732
9733
9734
9735
9736
9739
9742
9755
9757
9758
9761
9762
9763
9764
9765
9766
9767
9768
9769
9773
9774
9775
9779
9781
9782
9786
9787
9791
9793
9794
9795
9796
9797
9799
9808
9811
9814
9815
9816
9820
9821
9822
9823
9827
9831
9838
9840
9845
9849
9864
9865
9867
9882
9883
9918
9923
9924
9926
9930
9935
9942
9947
9961
9962
9963
9964
9965
9966
9969
9970
9971
9972
9974
9977
9980
9981
9983
9984
9987
9989
9990
9993
9994
9995
9996
9998
10003
10013
10016
10018
10020
10021
10022
10023
10024
10026
10029
10031
10032
10035
10036
10037
10038
10040
10041
10042
10043
10045
10047
10050
10051
10053
10054
10055
10056
10057
10061
10062
10064
10065
10066
10069
10070
10072
10074
10075
10079
10080
10081
10083
10084
10086
10088
10089
10090
10091
10093
10094
10095
10096
10097
10098
10099
10100
10105
10106
10107
10108
10109
10110
10111
10112
10113
10114
10115
10116
10117
10118
10119
10120
10122
10123
10124
10125
10126
10127
10129
10130
10131
10132
10134
10150
10153
10157
10158
10159
10160
10161
10162
10163
10164
10170
10181
10182
10186
10188
10189
10191
10192
10194
10197
10198
10200
10205
10206
10207
10215
10216
10217
10219
10220
10221
10222
10228
10229
10231
10233
10234
10235
10238
10241
10244
10252
10272
10279
10281
10296
10306
10307
10312
10314
10315
10316
10317
10318
10319
10328
10336
10342
10352
10353
10357
10358
10359
10360
10363
10364
10367
10368
10369
10370
10372
10376
10379
10380
10381
10382
10384
10388
10389
10390
10391
10393
10396
10398
10401
10402
10408
10409
10415
10416
10417
10418
10419
10420
10421
10422
10425
10427
10430
10431
10432
10433
10434
10436
10438
10440
10442
10445
10446
10448
10449
10450
10451
10452
10453
10456
10458
10460
10461
10462
10463
10465
10466
10468
10469
10470
10472
10474
10475
10477
10478
10479
10481
10483
10485
10486
10487
10488
10490
10491
10493
10494
10495
10500
10501
10503
10504
10505
10506
10507
10508
10509
10510
10511
10512
10513
10514
10515
10517
10519
10520
10521
10522
10524
10525
10526
10527
10529
10535
10541
10545
10548
10552
10553
10554
10555
10556
10557
10558
10559
10565
10576
10577
10581
10582
10583
10584
10586
10587
10589
10601
10602
10603
10607
10608
10610
10611
10612
10614
10621
10624
10628
10629
10630
10639
10640
10651
10656
10657
10662
10664
10668
10669
10674
10675
10682
10684
10685
10687
10689
10691
10710
10711
10712
10714
10732
10733
10734
10738
10746
10751
10752
10754
10758
10759
10764
10765
10771
10775
10776
10779
10783
10784
10785
10786
10787
10788
10789
10791
10792
10794
10797
10808
10810
10811
10812
10813
10814
10815
10816
10817
10818
10819
10825
10826
10827
10828
10829
10830
10831
10832
10833
10838
10839
10841
10843
10844
10845
10846
10847
10853
10854
10855
10856
10857
10858
10859
10860
10861
10864
10865
10869
10870
10872
10873
10874
10876
10878
10879
10880
10882
10883
10884
10885
10886
10887
10888
10889
10890
10892
10893
10897
10899
10900
10901
10902
10903
10904
10905
10907
10908
10909
10911
10912
10914
10915
10916
10919
10920
10921
10922
10923
10940
10943
10947
10948
10949
10950
10951
10952
10953
10954
10958
10960
10969
10971
10972
10975
10976
10977
10978
10979
10981
10982
10990
10996
10997
10999
11003
11005
11006
11007
11012
11016
11021
11023
11024
11025
11028
11030
11031
11033
11038
11041
11043
11045
11056
11063
11064
11072
11079
11080
11082
11098
11106
11107
11108
11109
11119
11124
11137
11141
11144
11145
11146
11153
11154
11157
11159
11160
11161
11164
11166
11168
11169
11170
11171
11174
11176
11177
11178
11180
11181
11182
11183
11186
11192
11193
11198
11201
11203
11204
11205
11206
11207
11208
11209
11210
11211
11220
11221
11222
11223
11224
11225
11226
11230
11232
11233
11234
11235
11237
11238
11239
11240
11241
11244
11246
11248
11249
11250
11251
11253
11255
11256
11257
11258
11262
11264
11265
11266
11267
11268
11269
11271
11272
11273
11274
11275
11276
11278
11280
11281
11282
11283
11284
11285
11286
11287
11288
11289
11292
11294
11295
11296
11297
11298
11299
11300
11301
11302
11304
11305
11306
11307
11309
11310
11311
11312
11313
11314
11315
11316
11317
11318
11319
11334
11341
11343
11344
11345
11346
11347
11348
11349
11350
11353
11355
11366
11367
11371
11372
11373
11374
11375
11383
11388
11389
11392
11394
11395
11397
11398
11399
11400
11401
11402
11405
11418
11419
11424
11425
11435
11439
11444
11449
11461
11463
11469
11493
11498
11500
11501
11502
11503
11504
11507
11519
11522
11523
11527
11540
11541
11543
11548
11552
11553
11554
11555
11556
11562
11564
11570
11572
11573
11574
11575
11576
11578
11579
11581
11584
11587
11588
11591
11593
11596
11598
11600
11601
11602
11604
11605
11606
11613
11615
11616
11617
11618
11619
11620
11621
11622
11625
11628
11629
11632
11633
11634
11635
11638
11639
11641
11643
11644
11645
11646
11648
11653
11654
11658
11659
11660
11662
11663
11664
11666
11668
11669
11670
11671
11673
11674
11675
11676
11677
11678
11679
11680
11681
11685
11686
11687
11688
11689
11690
11691
11692
11693
11694
11695
11696
11697
11698
11699
11700
11701
11702
11704
11705
11706
11709
11710
11711
11712
11713
11726
11729
11733
11736
11737
11738
11739
11740
11741
11742
11743
11744
11748
11761
11766
11769
11770
11772
11773
11778
11783
11784
11787
11789
11793
11794
11795
11796
11797
11800
11802
11806
11808
11813
11814
11822
11833
11848
11850
11851
11852
11855
11882
11888
11896
11897
11898
11899
11909
11914
11919
11923
11934
11935
11936
11938
11940
11947
11948
11949
11950
11951
11955
11957
11960
11961
11963
11965
11967
11968
11970
11971
11972
11973
11976
11981
11984
11986
11988
11989
11991
11993
11994
11995
11996
11997
12000
12001
12002
12003
12004
12005
12008
12009
12010
12012
12013
12014
12015
12016
12017
12023
12024
12025
12026
12028
12029
12030
12034
12036
12037
12038
12039
12040
12041
12042
12043
12047
12049
12052
12053
12054
12055
12056
12057
12058
12059
12061
12062
12063
12064
12065
12066
12068
12069
12070
12071
12072
12073
12074
12075
12076
12079
12080
12081
12082
12084
12085
12087
12088
12089
12090
12091
12092
12093
12094
12096
12097
12098
12099
12100
12101
12102
12104
12105
12107
12108
12117
12124
12128
12132
12133
12134
12135
12136
12137
12138
12139
12143
12155
12156
12157
12159
12161
12162
12164
12165
12168
12169
12173
12177
12181
12182
12184
12187
12189
12190
12191
12192
12195
12198
12201
12206
12208
12209
12213
12222
12224
12227
12239
12240
12242
12243
12246
12248
12266
12269
12272
12283
12290
12292
12293
12311
12313
12327
12329
12330
12331
12341
12342
12343
12344
12345
12346
12348
12351
12352
12354
12355
12356
12359
12362
12363
12365
12366
12373
12374
12376
12377
12380
12381
12384
12386
12388
12390
12391
12392
12394
12396
12399
12401
12403
12404
12405
12406
12407
12409
12410
12411
12412
12415
12417
12418
12419
12422
12423
12424
12425
12428
12429
12431
12432
12433
12434
12435
12437
12438
12440
12441
12443
12444
12445
12447
12449
12450
12451
12452
12453
12454
12456
12457
12458
12459
12460
12461
12462
12463
12464
12465
12466
12467
12468
12470
12471
12472
12476
12477
12479
12480
12481
12482
12483
12484
12485
12487
12489
12490
12491
12492
12493
12494
12495
12496
12497
12499
12500
12502
12503
12504
12519
12526
12527
12528
12529
12530
12531
12532
12533
12534
12539
12540
12544
12550
12552
12556
12558
12559
12560
12561
12563
12568
12573
12576
12577
12579
12584
12585
12586
12587
12589
12590
12591
12594
12596
12603
12604
12607
12608
12609
12614
12620
12622
12626
12629
12630
12631
12637
12643
12645
12647
12648
12649
