0
1
2
4
6
7
8
9
11
12
13
16
17
18
19
20
21
22
23
25
26
27
29
30
31
33
34
37
40
43
44
45
47
48
49
50
51
54
55
56
57
58
59
60
61
62
64
65
66
67
68
69
70
72
73
74
77
78
79
80
82
83
85
88
89
90
92
95
96
97
98
99
100
102
103
104
105
106
107
110
111
112
113
115
116
117
121
123
124
126
128
130
132
134
135
136
140
141
142
144
146
147
148
151
153
154
155
156
158
160
161
165
166
167
169
171
174
175
176
177
179
180
181
182
186
188
190
194
195
196
197
198
199
200
202
203
206
207
208
209
210
211
212
215
216
217
218
219
221
222
223
224
225
227
228
229
230
231
232
233
234
235
236
237
240
242
243
244
245
246
247
250
251
252
253
254
257
258
259
260
266
267
268
269
271
272
273
274
275
276
277
278
280
281
283
284
287
288
290
291
293
294
296
298
302
303
306
308
309
310
312
315
316
320
321
322
323
328
329
331
332
334
335
336
338
339
342
343
344
346
348
349
350
351
353
354
356
358
360
364
365
371
373
374
376
378
379
380
383
386
387
388
389
390
392
393
396
397
398
399
400
401
402
406
408
409
410
411
412
413
415
416
417
418
420
424
426
428
430
432
433
435
437
438
439
442
443
444
445
446
447
448
449
451
452
453
454
455
456
457
461
462
463
464
465
466
467
469
471
472
473
474
475
476
478
481
482
483
485
486
487
488
489
490
493
494
495
496
498
503
505
507
508
509
510
513
514
517
521
528
532
533
536
537
541
543
544
547
548
549
550
551
552
556
558
561
562
563
565
567
569
572
573
574
575
576
577
578
581
582
584
588
589
591
593
594
595
597
598
599
601
602
603
606
607
608
609
612
613
614
615
616
617
619
620
622
623
624
625
626
627
629
630
632
634
635
636
638
639
640
642
643
644
648
649
652
653
654
655
656
657
662
663
664
665
667
668
669
670
671
672
673
674
675
676
679
680
683
684
685
687
689
690
692
694
701
703
705
706
709
712
713
715
716
717
719
722
723
724
725
727
728
730
732
733
734
735
736
739
740
742
743
746
747
749
754
755
756
758
759
761
762
765
766
770
771
772
774
778
779
780
782
783
785
786
788
789
793
794
796
804
806
807
809
810
816
818
820
822
823
824
825
826
828
829
831
832
844
853
857
859
860
863
866
867
869
871
872
874
875
876
877
878
879
880
881
884
889
891
892
894
897
898
899
900
902
903
904
907
909
911
913
914
920
922
927
928
929
931
933
934
936
937
938
939
940
942
943
944
946
948
952
954
955
957
958
960
965
967
968
969
970
972
973
974
975
976
977
978
979
980
981
984
985
986
987
990
991
994
995
996
998
999
1000
1002
1003
1006
1007
1008
1009
1012
1013
1015
1016
1017
1020
1021
1022
1023
1024
1025
1026
1027
1028
1031
1033
1035
1036
1038
1039
1044
1045
1046
1047
1048
1049
1052
1053
1054
1056
1058
1059
1060
1063
1064
1065
1066
1067
1068
1069
1070
1073
1074
1076
1077
1079
1080
1082
1083
1092
1097
1099
1102
1104
1105
1110
1111
1113
1120
1121
1123
1124
1125
1127
1129
1130
1131
1133
1140
1144
1145
1146
1148
1150
1151
1159
1160
1162
1163
1164
1165
1166
1167
1169
1171
1172
1181
1185
1187
1189
1192
1193
1197
1198
1200
1202
1203
1204
1205
1210
1213
1214
1215
1216
1217
1219
1220
1222
1225
1228
1229
1230
1231
1233
1234
1235
1238
1240
1245
1247
1249
1250
1254
1255
1258
1260
1261
1262
1264
1265
1267
1268
1270
1271
1272
1274
1275
1277
1278
1280
1282
1287
1290
1291
1292
1293
1295
1296
1297
1298
1299
1300
1302
1303
1304
1309
1311
1316
1318
1320
1321
1322
1323
1324
1325
1327
1328
1329
1330
1331
1332
1333
1337
1339
1340
1341
1343
1344
1345
1348
1352
1356
1357
1363
1364
1365
1366
1367
1368
1369
1370
1372
1373
1374
1377
1379
1380
1381
1382
1383
1384
1387
1389
1391
1392
1393
1395
1397
1398
1399
1401
1402
1403
1404
1405
1408
1409
1411
1412
1414
1415
1416
1417
1418
1419
1420
1421
1422
1423
1424
1426
1428
1430
1431
1432
1435
1436
1439
1445
1446
1447
1452
1454
1455
1458
1460
1461
1462
1463
1464
1465
1466
1468
1471
1476
1479
1484
1486
1493
1497
1502
1503
1506
1507
1508
1510
1511
1516
1517
1518
1519
1520
1522
1524
1525
1528
1531
1541
1544
1549
1553
1554
1556
1563
1566
1572
1573
1575
1581
1584
1585
1586
1587
1591
1593
1594
1600
1601
1611
1612
1615
1617
1618
1620
1622
1623
1624
1627
1629
1632
1633
1634
1639
1641
1642
1643
1644
1645
1646
1650
1653
1654
1656
1657
1658
1659
1661
1663
1664
1665
1666
1668
1669
1672
1673
1676
1677
1678
1686
1688
1689
1691
1692
1694
1695
1696
1699
1701
1702
1705
1706
1707
1709
1710
1711
1716
1717
1719
1720
1724
1725
1728
1729
1730
1732
1733
1734
1735
1736
1737
1738
1739
1740
1741
1742
1743
1744
1748
1749
1750
1751
1752
1757
1759
1761
1762
1763
1764
1765
1766
1769
1770
1773
1775
1777
1778
1779
1780
1783
1784
1785
1787
1788
1789
1790
1791
1792
1793
1794
1797
1798
1799
1800
1801
1804
1805
1806
1808
1809
1812
1813
1814
1815
1816
1817
1818
1820
1824
1825
1827
1828
1831
1833
1834
1835
1837
1839
1840
1842
1848
1851
1854
1855
1856
1857
1858
1859
1860
1861
1862
1863
1864
1870
1875
1877
1878
1879
1880
1881
1884
1886
1889
1891
1896
1898
1901
1902
1903
1905
1906
1907
1912
1914
1915
1916
1921
1922
1923
1931
1932
1938
1940
1945
1950
1951
1954
1958
1961
1966
1967
1976
1977
1980
1984
1986
1988
1989
1990
1997
2002
2004
2008
2011
2015
2016
2017
2018
2020
2021
2022
2024
2028
2029
2030
2039
2040
2042
2047
2050
2052
2055
2057
2059
2060
2062
2063
2065
2068
2070
2072
2074
2079
2080
2084
2088
2089
2090
2091
2092
2093
2094
2095
2102
2105
2107
2110
2111
2113
2116
2118
2120
2121
2124
2126
2128
2131
2132
2133
2134
2135
2136
2140
2144
2145
2147
2148
2150
2151
2155
2158
2159
2160
2162
2164
2165
2166
2167
2168
2169
2170
2171
2174
2176
2178
2179
2182
2183
2184
2185
2187
2188
2189
2191
2193
2195
2196
2197
2198
2200
2201
2202
2203
2204
2205
2206
2207
2208
2209
2210
2211
2212
2213
2214
2215
2218
2219
2220
2222
2223
2224
2226
2227
2228
2229
2230
2235
2237
2239
2241
2244
2246
2248
2251
2252
2253
2254
2255
2256
2257
2258
2272
2275
2276
2278
2280
2281
2282
2291
2292
2294
2296
2297
2298
2299
2300
2301
2304
2308
2309
2310
2311
2312
2318
2323
2327
2328
2329
2331
2333
2339
2341
2342
2343
2344
2346
2351
2356
2360
2362
2365
2367
2370
2374
2377
2383
2384
2393
2403
2404
2405
2406
2407
2410
2413
2414
2421
2426
2432
2435
2437
2438
2442
2445
2447
2448
2449
2451
2454
2455
2456
2457
2458
2459
2460
2462
2466
2467
2469
2476
2481
2482
2483
2485
2486
2487
2488
2490
2491
2493
2497
2498
2499
2505
2506
2507
2508
2511
2512
2514
2516
2520
2524
2525
2526
2527
2528
2529
2530
2531
2532
2533
2535
2536
2538
2541
2543
2546
2547
2548
2549
2550
2551
2553
2554
2556
2557
2558
2559
2560
2561
2564
2565
2566
2567
2570
2571
2572
2573
2574
2575
2578
2580
2581
2582
2583
2584
2585
2587
2589
2591
2593
2595
2596
2599
2600
2601
2603
2604
2605
2607
2608
2609
2610
2611
2616
2617
2618
2619
2620
2621
2623
2624
2626
2628
2633
2634
2640
2643
2645
2646
2647
2648
2649
2651
2652
2653
2654
2655
2656
2660
2661
2663
2668
2669
2671
2672
2679
2686
2688
2694
2695
2696
2700
2701
2704
2707
2708
2709
2714
2716
2722
2723
2724
2725
2730
2733
2734
2742
2744
2746
2750
2752
2756
2758
2760
2764
2767
2768
2771
2774
2778
2780
2782
2786
2795
2797
2798
2800
2804
2806
2807
2808
2809
2810
2811
2815
2821
2825
2833
2838
2846
2847
2848
2850
2851
2854
2856
2858
2860
2863
2872
2878
2880
2883
2884
2886
2887
2888
2893
2897
2898
2899
2900
2901
2902
2903
2904
2905
2907
2908
2910
2913
2917
2920
2922
2923
2924
2926
2927
2928
2929
2930
2931
2932
2934
2939
2941
2942
2943
2945
2947
2948
2949
2950
2952
2953
2954
2956
2957
2959
2960
2961
2962
2963
2966
2967
2968
2970
2971
2974
2975
2976
2977
2978
2979
2980
2981
2983
2984
2985
2987
2989
2991
2992
2993
2994
2996
2999
3000
3001
3004
3005
3006
3007
3008
3009
3010
3011
3012
3013
3014
3015
3016
3017
3018
3019
3020
3028
3030
3031
3033
3036
3039
3040
3041
3042
3043
3044
3045
3046
3047
3048
3049
3050
3052
3056
3062
3065
3067
3071
3075
3080
3081
3082
3083
3084
3088
3090
3092
3095
3096
3097
3098
3099
3100
3101
3103
3111
3113
3119
3120
3122
3123
3131
3132
3139
3144
3164
3168
3177
3178
3181
3192
3194
3199
3200
3202
3203
3204
3205
3206
3212
3214
3224
3226
3229
3235
3237
3242
3243
3244
3245
3246
3247
3248
3250
3254
3256
3257
3258
3259
3262
3266
3268
3274
3276
3278
3280
3281
3283
3289
3295
3296
3298
3299
3300
3301
3303
3306
3308
3312
3316
3317
3318
3320
3321
3322
3323
3324
3326
3327
3328
3329
3330
3331
3333
3335
3336
3338
3340
3341
3343
3344
3346
3348
3350
3351
3353
3355
3356
3357
3361
3362
3363
3364
3365
3366
3373
3374
3375
3376
3377
3379
3384
3385
3387
3388
3389
3390
3391
3392
3394
3395
3397
3398
3399
3400
3401
3402
3404
3406
3408
3409
3410
3411
3413
3415
3416
3417
3421
3424
3426
3427
3432
3438
3439
3440
3441
3442
3443
3444
3445
3446
3447
3451
3452
3453
3458
3459
3461
3462
3465
3466
3468
3469
3473
3476
3477
3478
3480
3483
3484
3488
3489
3492
3493
3494
3495
3496
3497
3499
3507
3514
3515
3516
3528
3533
3539
3547
3571
3572
3574
3577
3590
3592
3596
3598
3600
3601
3603
3605
3620
3621
3624
3625
3627
3628
3632
3633
3634
3639
3640
3641
3643
3646
3649
3652
3653
3654
3655
3657
3661
3662
3663
3670
3672
3673
3676
3678
3679
3680
3681
3685
3689
3690
3691
3692
3695
3696
3697
3699
3704
3705
3706
3708
3709
3710
3714
3715
3716
3717
3718
3719
3720
3722
3723
3724
3726
3727
3729
3731
3732
3734
3737
3740
3741
3742
3744
3745
3746
3749
3750
3752
3756
3757
3758
3760
3761
3762
3763
3764
3766
3767
3769
3770
3772
3773
3774
3775
3777
3779
3780
3781
3782
3783
3784
3785
3786
3787
3788
3789
3790
3791
3792
3793
3794
3795
3796
3797
3798
3799
3800
3802
3803
3804
3805
3806
3808
3809
3810
3811
3812
3814
3817
3823
3829
3830
3831
3833
3834
3835
3836
3837
3838
3839
3840
3841
3842
3849
3852
3856
3859
3861
3862
3863
3867
3869
3877
3880
3883
3884
3885
3888
3891
3892
3895
3896
3897
3899
3910
3911
3912
3913
3915
3930
3934
3942
3945
3946
3947
3952
3955
3956
3958
3959
3973
3974
3982
3984
3985
3991
3997
3998
4003
4007
4010
4016
4028
4029
4032
4033
4034
4035
4036
4037
4039
4040
4042
4045
4047
4054
4058
4060
4063
4066
4068
4069
4071
4072
4074
4075
4087
4088
4090
4091
4093
4098
4099
4100
4101
4102
4108
4109
4110
4111
4112
4113
4114
4115
4116
4118
4119
4120
4123
4125
4127
4130
4133
4135
4136
4138
4139
4140
4141
4142
4145
4146
4148
4151
4152
4153
4154
4155
4156
4158
4159
4163
4165
4166
4169
4171
4173
4175
4176
4179
4180
4181
4183
4184
4186
4187
4188
4189
4190
4191
4192
4193
4194
4195
4196
4197
4198
4200
4201
4202
4204
4205
4206
4207
4208
4209
4211
4218
4219
4223
4224
4231
4232
4233
4234
4235
4236
4237
4241
4245
4248
4255
4257
4258
4262
4264
4269
4280
4286
4287
4288
4291
4292
4295
4297
4298
4304
4307
4308
4311
4315
4316
4320
4323
4329
4337
4340
4341
4347
4350
4359
4370
4374
4380
4384
4386
4388
4390
4391
4393
4394
4402
4413
4420
4430
4431
4432
4435
4436
4438
4440
4441
4443
4446
4447
4450
4454
4456
4457
4459
4462
4464
4468
4470
4471
4472
4473
4482
4483
4486
4487
4488
4489
4491
4496
4498
4502
4503
4505
4506
4507
4508
4509
4510
4511
4512
4514
4515
4516
4518
4520
4521
4523
4526
4529
4531
4533
4534
4536
4537
4541
4544
4547
4548
4549
4550
4551
4552
4553
4554
4555
4556
4559
4561
4562
4566
4568
4570
4571
4573
4575
4576
4578
4579
4581
4583
4584
4585
4588
4589
4590
4592
4593
4594
4596
4597
4598
4599
4600
4601
4602
4603
4604
4610
4616
4619
4620
4621
4622
4623
4627
4628
4629
4630
4631
4632
4633
4634
4636
4637
4639
4642
4644
4651
4654
4661
4662
4665
4667
4671
4673
4674
4676
4679
4680
4681
4684
4685
4687
4691
4693
4694
4695
4703
4704
4711
4716
4718
4719
4721
4724
4735
4737
4741
4749
4752
4755
4779
4782
4784
4789
4790
4800
4802
4808
4819
4829
4831
4832
4834
4836
4839
4840
4843
4844
4850
4853
4858
4861
4863
4864
4867
4869
4873
4875
4880
4882
4884
4885
4890
4893
4894
4895
4896
4898
4900
4901
4904
4905
4906
4907
4909
4912
4913
4914
4915
4919
4920
4922
4924
4925
4926
4927
4932
4933
4934
4937
4938
4939
4941
4943
4945
4946
4947
4948
4949
4950
4955
4957
4958
4959
4962
4966
4967
4969
4971
4972
4973
4974
4976
4977
4978
4979
4980
4981
4983
4984
4985
4988
4989
4990
4991
4992
4993
4994
4996
4997
4998
4999
5010
5011
5012
5013
5016
5018
5022
5024
5025
5026
5027
5028
5029
5030
5033
5040
5043
5044
5050
5054
5057
5061
5062
5067
5069
5070
5071
5072
5073
5074
5075
5076
5080
5081
5083
5084
5085
5086
5088
5099
5100
5113
5119
5122
5123
5125
5131
5133
5134
5136
5141
5163
5165
5173
5175
5179
5181
5185
5193
5200
5202
5210
5221
5222
5224
5226
5229
5234
5236
5238
5239
5241
5244
5245
5253
5255
5256
5257
5258
5259
5262
5266
5270
5272
5275
5279
5280
5282
5289
5291
5296
5298
5300
5301
5302
5306
5307
5309
5314
5317
5319
5320
5322
5323
5324
5325
5327
5328
5329
5330
5332
5333
5334
5335
5336
5339
5342
5343
5347
5350
5353
5354
5358
5359
5362
5364
5365
5367
5368
5374
5376
5379
5380
5381
5383
5385
5387
5388
5389
5391
5392
5393
5394
5395
5400
5401
5410
5412
5417
5418
5419
5420
5421
5422
5423
5424
5425
5435
5436
5437
5439
5445
5448
5449
5452
5456
5463
5464
5467
5468
5470
5473
5475
5476
5478
5480
5483
5484
5487
5495
5507
5514
5515
5521
5528
5531
5532
5533
5537
5538
5539
5545
5560
5566
5573
5574
5580
5583
5614
5617
5621
5625
5632
5633
5639
5642
5648
5651
5652
5653
5654
5657
5665
5667
5670
5673
5674
5675
5676
5678
5680
5682
5684
5685
5688
5690
5691
5693
5694
5695
5696
5697
5698
5702
5703
5704
5707
5708
5709
5710
5712
5714
5715
5716
5717
5718
5719
5720
5721
5722
5723
5724
5727
5728
5729
5730
5731
5732
5733
5737
5739
5743
5744
5746
5748
5752
5753
5759
5761
5762
5763
5765
5766
5768
5769
5771
5773
5774
5775
5778
5780
5781
5783
5784
5786
5787
5788
5790
5795
5803
5808
5812
5813
5814
5815
5816
5817
5818
5819
5820
5830
5831
5836
5837
5840
5843
5844
5845
5851
5853
5856
5862
5864
5866
5867
5870
5872
5873
5874
5875
5878
5886
5888
5889
5890
5893
5895
5899
5900
5905
5908
5910
5913
5918
5919
5923
5927
5937
5942
5953
5964
5969
5978
5981
5997
6002
6005
6008
6009
6011
6016
6019
6023
6024
6026
6028
6029
6033
6034
6038
6043
6045
6046
6047
6049
6051
6052
6064
6065
6067
6069
6070
6072
6073
6075
6079
6080
6083
6084
6086
6088
6089
6090
6091
6093
6095
6097
6098
6103
6104
6107
6109
6110
6111
6112
6113
6114
6115
6116
6117
6118
6119
6120
6122
6123
6125
6126
6127
6128
6132
6133
6134
6135
6138
6139
6140
6144
6145
6146
6148
6150
6152
6155
6156
6157
6159
6160
6161
6162
6163
6164
6166
6169
6171
6174
6175
6176
6177
6178
6179
6181
6182
6183
6185
6203
6204
6207
6208
6209
6210
6211
6213
6214
6215
6220
6222
6225
6235
6236
6244
6247
6249
6251
6257
6258
6261
6265
6266
6267
6268
6270
6273
6275
6282
6283
6284
6287
6295
6296
6297
6300
6307
6308
6315
6318
6322
6327
6335
6344
6357
6359
6366
6385
6387
6392
6401
6404
6408
6413
6416
6417
6419
6423
6427
6428
6437
6438
6440
6441
6444
6446
6447
6455
6456
6457
6461
6463
6464
6465
6467
6469
6470
6471
6474
6477
6478
6479
6480
6481
6483
6484
6485
6486
6488
6490
6492
6493
6497
6498
6499
6502
6504
6505
6506
6507
6508
6509
6510
6512
6514
6515
6517
6518
6519
6521
6523
6524
6526
6527
6528
6532
6533
6534
6537
6538
6539
6541
6542
6544
6546
6547
6550
6554
6555
6556
6558
6559
6563
6564
6566
6568
6569
6570
6572
6573
6574
6576
6577
6578
6579
6602
6603
6604
6605
6606
6607
6608
6609
6610
6620
6627
6630
6634
6637
6639
6646
6647
6652
6654
6655
6656
6658
6660
6661
6662
6663
6666
6668
6671
6678
6679
6680
6682
6684
6685
6688
6689
6696
6703
6707
6711
6713
6715
6726
6727
6755
6759
6761
6762
6763
6764
6782
6783
6784
6798
6803
6804
6805
6811
6812
6814
6818
6822
6825
6828
6829
6831
6833
6835
6836
6841
6842
6852
6853
6856
6859
6860
6862
6865
6867
6869
6870
6872
6873
6876
6878
6880
6881
6883
6885
6887
6891
6893
6894
6897
6899
6900
6901
6902
6903
6904
6905
6907
6908
6910
6913
6914
6915
6916
6917
6918
6919
6921
6922
6923
6928
6929
6932
6933
6934
6936
6941
6942
6945
6946
6947
6949
6950
6951
6953
6954
6955
6958
6960
6961
6962
6965
6966
6967
6968
6969
6971
6972
6973
6997
6998
6999
7000
7001
7002
7003
7004
7012
7013
7016
7021
7024
7028
7029
7033
7034
7036
7038
7047
7048
7049
7051
7055
7056
7057
7063
7065
7073
7077
7080
7090
7093
7097
7104
7109
7113
7117
7118
7137
7147
7151
7155
7157
7158
7172
7180
7191
7193
7194
7197
7198
7201
7213
7224
7225
7228
7230
7231
7234
7236
7237
7238
7246
7247
7248
7251
7253
7254
7256
7257
7260
7262
7263
7266
7267
7268
7269
7273
7274
7276
7277
7278
7283
7286
7287
7292
7295
7296
7297
7298
7299
7301
7302
7304
7305
7308
7309
7313
7314
7316
7317
7318
7324
7325
7327
7329
7330
7331
7333
7336
7337
7340
7341
7342
7343
7344
7345
7346
7348
7349
7350
7351
7353
7354
7355
7356
7357
7359
7360
7361
7362
7363
7366
7368
7369
7381
7385
7387
7388
7389
7392
7393
7394
7395
7396
7398
7399
7404
7406
7424
7427
7429
7431
7434
7437
7439
7442
7446
7447
7449
7450
7451
7452
7455
7457
7470
7473
7475
7477
7479
7480
7481
7488
7492
7511
7512
7513
7518
7525
7546
7553
7574
7575
7580
7585
7586
7592
7593
7602
7604
7605
7610
7612
7618
7619
7620
7621
7623
7625
7626
7629
7632
7633
7637
7639
7640
7642
7644
7647
7648
7649
7651
7652
7654
7656
7658
7659
7662
7668
7671
7672
7673
7675
7677
7680
7681
7682
7683
7684
7686
7690
7694
7696
7697
7698
7699
7700
7703
7704
7705
7706
7708
7711
7712
7713
7719
7720
7721
7723
7724
7725
7727
7728
7730
7731
7732
7733
7735
7736
7737
7738
7739
7740
7741
7743
7744
7745
7746
7748
7750
7751
7752
7754
7755
7756
7757
7758
7761
7763
7764
7773
7776
7787
7788
7789
7790
7793
7794
7819
7821
7822
7824
7826
7829
7830
7837
7840
7843
7845
7847
7849
7850
7854
7855
7863
7864
7873
7876
7877
7884
7885
7886
7888
7893
7896
7897
7904
7922
7934
7941
7947
7948
7967
7975
7980
7984
7988
7989
7993
7995
7996
7999
8000
8002
8007
8014
8016
8018
8020
8021
8023
8027
8032
8035
8039
8040
8042
8043
8044
8045
8046
8047
8051
8054
8055
8056
8057
8058
8061
8063
8066
8067
8068
8070
8072
8074
8075
8076
8077
8078
8081
8082
8086
8089
8091
8092
8097
8098
8099
8100
8101
8104
8105
8111
8113
8114
8118
8119
8122
8123
8124
8125
8126
8127
8128
8129
8130
8131
8133
8134
8135
8136
8138
8139
8140
8141
8143
8144
8145
8146
8147
8149
8150
8151
8152
8153
8156
8158
8159
8165
8178
8182
8183
8184
8185
8186
8188
8189
8197
8199
8201
8215
8216
8217
8218
8219
8220
8228
8229
8230
8232
8239
8240
8242
8245
8250
8258
8259
8260
8266
8286
8287
8291
8304
8315
8322
8331
8334
8336
8337
8339
8343
8367
8369
8370
8383
8384
8385
8386
8388
8390
8392
8393
8394
8397
8398
8402
8410
8413
8415
8418
8419
8420
8421
8427
8437
8438
8440
8441
8442
8445
8448
8450
8453
8454
8456
8458
8461
8463
8467
8469
8472
8473
8474
8476
8479
8481
8484
8485
8486
8487
8488
8489
8490
8491
8492
8493
8494
8495
8497
8500
8503
8504
8508
8509
8510
8513
8514
8515
8516
8517
8518
8519
8520
8525
8526
8527
8528
8529
8530
8532
8533
8534
8536
8537
8538
8539
8540
8541
8542
8544
8545
8546
8547
8548
8550
8551
8554
8570
8572
8573
8577
8578
8579
8580
8581
8583
8584
8589
8592
8601
8611
8612
8614
8621
8623
8624
8625
8627
8628
8635
8636
8637
8639
8640
8646
8647
8651
8655
8659
8663
8666
8668
8681
8683
8691
8693
8694
8699
8716
8717
8726
8728
8730
8731
8732
8737
8739
8740
8751
8758
8762
8769
8773
8776
8777
8778
8779
8780
8785
8787
8790
8792
8793
8797
8802
8803
8806
8808
8811
8812
8813
8814
8815
8822
8825
8829
8833
8835
8836
8839
8840
8841
8842
8843
8845
8847
8848
8849
8850
8851
8853
8856
8857
8858
8860
8862
8866
8867
8868
8869
8871
8873
8874
8876
8878
8879
8880
8881
8883
8884
8885
8887
8888
8889
8894
8895
8896
8897
8898
8903
8905
8907
8908
8909
8910
8911
8912
8914
8915
8916
8920
8921
8923
8924
8925
8926
8928
8929
8930
8933
8934
8935
8936
8937
8939
8940
8941
8942
8943
8945
8946
8948
8949
8958
8965
8968
8972
8973
8974
8975
8976
8977
8978
8979
8984
8992
9006
9009
9016
9018
9022
9025
9026
9030
9031
9032
9034
9035
9041
9046
9048
9049
9050
9058
9060
9075
9076
9083
9110
9121
9122
9126
9130
9132
9133
9134
9135
9152
9157
9169
9171
9172
9173
9174
9175
9180
9182
9184
9187
9189
9195
9198
9200
9203
9206
9208
9212
9218
9219
9223
9226
9229
9230
9237
9242
9244
9245
9246
9247
9248
9251
9253
9255
9257
9260
9261
9262
9263
9266
9267
9271
9273
9274
9275
9276
9278
9280
9281
9282
9284
9288
9289
9290
9291
9293
9294
9297
9298
9299
9300
9301
9303
9306
9307
9309
9310
9311
9312
9313
9315
9318
9320
9321
9324
9325
9326
9327
9328
9329
9330
9331
9332
9334
9335
9336
9337
9338
9339
9340
9341
9342
9344
9363
9367
9368
9369
9370
9371
9373
9374
9379
9384
9392
9399
9401
9402
9404
9415
9416
9417
9420
9424
9425
9426
9427
9428
9429
9430
9443
9445
9451
9454
9460
9461
9473
9476
9483
9503
9516
9517
9518
9523
9527
9528
9529
9540
9547
9552
9561
9565
9567
9570
9574
9575
9576
9577
9579
9582
9585
9587
9589
9592
9595
9598
9599
9600
9601
9603
9605
9608
9609
9612
9621
9623
9625
9627
9628
9630
9637
9639
9640
9641
9642
9643
9646
9648
9650
9657
9658
9659
9661
9662
9666
9669
9670
9672
9675
9676
9677
9678
9679
9685
9686
9687
9688
9689
9692
9693
9694
9695
9698
9700
9702
9703
9704
9705
9706
9707
9709
9710
9712
9713
9714
9715
9716
9718
9719
9720
9722
9724
9726
9727
9729
9730
9731
9732
9733
9734
9735
9736
9739
9757
9758
9761
9762
9763
9764
9765
9766
9767
9768
9769
9773
9774
9775
9779
9781
9782
9786
9787
9790
9795
9796
9797
9799
9811
9814
9815
9816
9821
9822
9823
9827
9831
9838
9840
9845
9864
9882
9883
9911
9918
9924
9926
9935
9941
9947
9961
9962
9963
9964
9965
9966
9969
9970
9971
9972
9974
9977
9980
9984
9987
9989
9990
9993
9995
9998
10003
10013
10018
10021
10022
10023
10024
10031
10032
10035
10036
10037
10038
10040
10041
10042
10043
10045
10047
10050
10051
10053
10054
10056
10057
10061
10064
10065
10070
10072
10074
10075
10079
10080
10081
10082
10083
10084
10088
10089
10090
10091
10093
10094
10095
10096
10097
10098
10099
10100
10103
10105
10106
10107
10108
10109
10110
10111
10112
10113
10114
10115
10116
10117
10118
10119
10120
10122
10124
10126
10127
10130
10131
10132
10134
10153
10157
10158
10159
10160
10161
10162
10163
10164
10170
10181
10182
10186
10189
10191
10192
10194
10197
10198
10200
10205
10206
10207
10215
10217
10219
10220
10221
10222
10228
10229
10231
10233
10234
10235
10238
10244
10252
10279
10281
10306
10307
10312
10314
10316
10317
10318
10319
10328
10342
10352
10357
10358
10359
10360
10364
10367
10368
10369
10370
10372
10379
10382
10384
10388
10390
10391
10393
10396
10398
10401
10402
10408
10409
10416
10417
10418
10419
10420
10421
10422
10425
10427
10430
10431
10433
10434
10436
10438
10440
10446
10448
10449
10450
10451
10452
10453
10456
10460
10461
10462
10463
10465
10466
10468
10469
10470
10474
10475
10478
10479
10481
10483
10485
10486
10487
10488
10490
10491
10493
10494
10495
10498
10500
10501
10503
10504
10505
10506
10507
10508
10509
10510
10511
10512
10513
10514
10515
10517
10519
10520
10521
10522
10524
10525
10526
10529
10535
10545
10548
10552
10553
10554
10555
10556
10558
10559
10576
10577
10582
10583
10587
10589
10601
10602
10608
10610
10612
10614
10618
10621
10628
10629
10630
10640
10651
10656
10662
10668
10669
10674
10675
10682
10685
10689
10711
10732
10733
10738
10746
10751
10752
10754
10758
10764
10765
10775
10776
10779
10783
10784
10785
10786
10788
10789
10791
10794
10797
10808
10812
10813
10814
10815
10816
10817
10818
10822
10825
10826
10827
10828
10829
10830
10831
10832
10833
10838
10839
10841
10843
10846
10847
10853
10855
10856
10858
10860
10861
10864
10865
10869
10870
10873
10874
10878
10879
10880
10882
10883
10884
10885
10886
10887
10888
10889
10890
10892
10893
10897
10899
10900
10901
10902
10903
10904
10905
10908
10909
10911
10912
10914
10915
10916
10919
10921
10922
10923
10943
10947
10948
10949
10950
10951
10953
10954
10958
10960
10969
10971
10972
10977
10981
10982
10989
10990
10996
10997
10999
11003
11006
11007
11012
11013
11016
11021
11023
11024
11025
11028
11031
11033
11038
11041
11043
11045
11056
11063
11064
11072
11079
11080
11082
11098
11106
11107
11108
11119
11126
11141
11142
11144
11145
11146
11153
11154
11157
11159
11160
11161
11164
11166
11168
11169
11170
11174
11176
11177
11178
11180
11182
11183
11186
11192
11203
11204
11206
11207
11208
11209
11210
11217
11220
11221
11222
11223
11224
11225
11226
11230
11232
11233
11234
11235
11237
11238
11241
11244
11246
11248
11250
11251
11253
11255
11256
11257
11258
11264
11265
11266
11268
11269
11272
11273
11274
11275
11276
11278
11281
11282
11283
11284
11285
11286
11288
11289
11292
11294
11295
11296
11297
11298
11299
11300
11301
11304
11305
11306
11307
11309
11310
11311
11313
11314
11315
11316
11317
11318
11341
11343
11344
11345
11346
11347
11348
11355
11366
11367
11371
11375
11383
11389
11392
11394
11397
11399
11400
11401
11402
11405
11407
11411
11418
11419
11424
11425
11435
11439
11444
11449
11456
11463
11493
11498
11501
11502
11503
11504
11523
11527
11540
11541
11543
11548
11552
11553
11554
11556
11562
11564
11572
11573
11574
11575
11578
11581
11584
11587
11591
11593
11596
11598
11601
11604
11605
11606
11613
11616
11617
11618
11619
11620
11621
11622
11625
11628
11629
11633
11634
11638
11641
11643
11645
11648
11653
11654
11658
11659
11660
11663
11664
11668
11669
11670
11671
11673
11674
11675
11676
11677
11678
11679
11681
11685
11686
11687
11688
11689
11690
11691
11692
11693
11694
11695
11696
11697
11698
11699
11701
11702
11704
11705
11706
11709
11710
11711
11712
11713
11726
11733
11736
11737
11738
11739
11740
11741
11742
11743
11744
11752
11761
11770
11773
11778
11783
11784
11787
11789
11795
11797
11799
11800
11806
11808
11810
11813
11814
11833
11848
11850
11852
11855
11896
11897
11899
11909
11923
11934
11935
11936
11938
11940
11947
11949
11951
11957
11960
11965
11967
11968
11972
11973
11976
11981
11984
11986
11988
11989
11991
11993
11994
11995
11996
12000
12001
12003
12008
12009
12010
12012
12013
12014
12015
12016
12017
12023
12024
12025
12026
12028
12029
12034
12036
12038
12039
12042
12047
12052
12053
12055
12056
12057
12058
12059
12062
12063
12064
12065
12066
12068
12069
12070
12071
12072
12073
12074
12075
12076
12079
12080
12081
12082
12084
12085
12087
12089
12090
12091
12092
12093
12094
12096
12097
12099
12100
12101
12102
12104
12105
12107
12108
12124
12128
12132
12133
12134
12135
12136
12137
12138
12139
12143
12155
12156
12159
12161
12162
12165
12166
12168
12169
12173
12180
12181
12182
12190
12191
12192
12195
12198
12206
12208
12209
12222
12224
12227
12239
12240
12242
12243
12248
12266
12269
12272
12275
12283
12292
12311
12313
12329
12330
12331
12341
12342
12344
12345
12346
12348
12351
12352
12355
12359
12362
12363
12365
12373
12374
12376
12377
12381
12386
12388
12389
12391
12392
12394
12396
12400
12401
12404
12405
12406
12407
12409
12410
12411
12412
12415
12417
12418
12419
12422
12423
12424
12428
12429
12431
12433
12434
12435
12437
12440
12441
12443
12444
12445
12447
12450
12451
12452
12453
12454
12457
12458
12459
12461
12462
12463
12464
12466
12467
12468
12471
12472
12476
12477
12479
12480
12482
12483
12484
12485
12487
12489
12490
12492
12494
12495
12496
12497
12499
12500
12502
12503
12519
12526
12527
12528
12529
12530
12531
12532
12533
12534
12539
12540
12544
12550
12556
12558
12560
12563
12568
12576
12577
12584
12585
12586
12587
12589
12590
12591
12593
12594
12603
12604
12607
12608
12609
12612
12614
12620
12622
12626
12630
12631
12637
12643
12645
12648
12649
