0
1
2
3
4
5
6
7
8
9
11
12
13
14
16
18
19
20
21
22
23
25
26
27
28
29
30
31
33
34
38
39
40
41
42
43
44
46
47
48
49
50
51
54
56
57
58
59
60
61
62
63
64
65
66
67
68
69
70
71
73
74
76
77
78
79
80
81
82
83
85
87
88
89
90
91
92
93
96
97
98
99
100
101
102
103
104
105
106
107
108
109
110
111
112
113
115
116
117
118
119
121
122
123
124
126
128
129
130
131
132
133
134
135
136
137
139
140
141
142
144
145
146
147
148
149
150
151
153
154
155
156
157
158
160
161
164
165
166
171
172
174
175
176
177
179
180
181
182
183
186
187
188
189
192
193
194
195
197
198
199
202
203
206
207
208
209
210
211
212
214
215
216
217
218
220
221
222
223
224
227
228
229
230
231
232
233
234
235
236
239
240
243
244
245
246
247
248
249
250
251
252
253
254
255
256
257
258
259
260
261
266
267
268
269
271
272
273
274
275
276
277
278
280
281
283
284
285
287
288
291
292
293
294
296
297
298
299
300
308
309
310
311
312
313
315
316
317
318
319
320
321
322
323
324
328
329
331
332
334
336
338
339
343
346
347
348
349
350
351
353
354
356
358
360
361
362
364
365
366
367
369
370
371
372
373
374
375
376
378
379
380
382
383
386
387
388
389
390
391
392
393
394
395
396
397
398
399
400
401
402
406
408
409
410
411
412
413
415
416
417
418
420
422
424
426
428
429
430
432
435
436
437
438
439
440
441
442
443
444
445
446
447
448
449
450
452
453
455
456
457
459
461
462
463
464
465
466
471
472
473
474
475
476
477
478
481
482
483
485
486
487
488
489
490
491
493
495
496
497
498
499
500
501
503
504
505
506
507
508
509
510
513
514
515
516
517
518
520
521
524
525
527
528
530
531
532
533
535
536
537
541
542
543
544
545
546
547
549
550
551
552
553
556
558
560
561
565
567
568
569
572
573
574
575
576
577
578
579
580
581
582
583
584
585
586
588
589
590
591
592
593
594
595
597
598
599
601
602
603
605
606
607
608
609
610
611
612
613
614
616
617
619
620
621
623
624
625
626
627
628
629
630
631
632
634
635
636
639
640
642
643
644
646
647
648
649
650
651
652
653
654
655
656
657
662
663
664
665
666
667
668
669
670
671
672
673
674
675
676
679
680
683
684
685
687
690
692
694
696
701
704
705
706
709
712
713
715
716
717
719
720
721
723
724
725
727
728
730
732
733
734
735
739
740
741
742
743
744
747
749
750
752
753
754
755
756
757
758
759
760
761
762
765
766
770
771
772
774
777
778
779
780
782
783
785
786
787
788
789
793
794
795
796
798
800
801
804
805
806
807
809
810
812
813
814
816
818
820
822
823
824
825
826
827
829
830
831
832
834
836
837
841
842
843
844
846
849
853
855
857
859
860
863
866
867
868
869
871
872
874
875
876
877
878
879
880
881
883
884
885
887
889
891
892
893
894
895
896
897
898
899
900
901
902
903
904
907
908
909
911
913
914
916
917
918
920
921
922
923
926
927
928
929
930
931
933
934
936
937
938
939
940
942
943
944
945
946
948
949
952
954
955
960
964
965
967
968
969
970
971
972
973
974
975
976
977
978
979
980
981
983
984
985
986
987
988
990
991
994
995
996
998
999
1000
1001
1002
1003
1006
1007
1008
1009
1012
1013
1015
1016
1020
1021
1022
1023
1024
1025
1026
1027
1028
1029
1031
1032
1033
1034
1035
1036
1038
1039
1040
1041
1042
1043
1044
1045
1046
1047
1048
1049
1052
1053
1054
1056
1058
1059
1060
1062
1063
1064
1065
1066
1067
1068
1069
1070
1072
1073
1074
1075
1076
1077
1079
1080
1083
1092
1097
1098
1099
1102
1103
1104
1105
1109
1110
1111
1112
1113
1114
1120
1121
1123
1124
1125
1127
1130
1131
1133
1136
1140
1142
1143
1144
1145
1146
1147
1148
1150
1151
1152
1153
1155
1156
1158
1159
1160
1162
1163
1164
1165
1166
1167
1168
1169
1170
1172
1173
1182
1184
1185
1186
1187
1189
1190
1192
1193
1194
1196
1197
1198
1202
1203
1204
1205
1207
1209
1210
1212
1213
1214
1215
1216
1217
1218
1222
1225
1228
1229
1230
1231
1232
1233
1234
1235
1238
1239
1240
1241
1245
1247
1249
1250
1253
1254
1255
1258
1260
1261
1262
1264
1265
1267
1268
1270
1271
1272
1274
1275
1277
1278
1280
1281
1282
1283
1287
1289
1290
1291
1293
1295
1296
1297
1298
1299
1300
1301
1302
1303
1304
1309
1310
1311
1313
1316
1317
1318
1319
1320
1321
1322
1323
1324
1325
1326
1328
1329
1330
1332
1333
1334
1337
1338
1339
1340
1341
1343
1344
1345
1348
1351
1356
1360
1361
1364
1365
1366
1367
1368
1369
1370
1371
1372
1373
1374
1375
1377
1379
1380
1381
1382
1383
1384
1387
1389
1391
1392
1393
1395
1396
1397
1398
1399
1401
1402
1403
1404
1405
1408
1409
1411
1412
1413
1415
1416
1417
1418
1419
1420
1421
1422
1423
1424
1425
1426
1427
1428
1431
1432
1435
1436
1437
1439
1442
1443
1445
1446
1447
1448
1449
1452
1454
1455
1457
1458
1459
1460
1461
1462
1463
1464
1465
1466
1467
1468
1469
1471
1473
1474
1475
1479
1484
1486
1488
1493
1495
1496
1497
1501
1502
1503
1506
1507
1508
1510
1511
1513
1516
1517
1518
1519
1520
1521
1524
1525
1527
1529
1531
1533
1540
1541
1544
1547
1549
1551
1552
1553
1556
1560
1562
1563
1566
1567
1569
1571
1572
1574
1575
1579
1581
1585
1586
1587
1593
1594
1599
1600
1601
1602
1604
1605
1606
1608
1609
1611
1615
1618
1620
1621
1622
1623
1624
1626
1627
1629
1632
1633
1634
1637
1638
1641
1642
1643
1644
1645
1646
1647
1649
1650
1651
1652
1653
1654
1656
1657
1658
1659
1660
1661
1663
1664
1665
1666
1667
1668
1672
1673
1674
1676
1677
1678
1679
1684
1685
1686
1688
1689
1691
1692
1693
1694
1695
1696
1697
1699
1701
1702
1705
1706
1707
1709
1711
1712
1713
1715
1716
1717
1718
1719
1720
1722
1723
1724
1725
1727
1728
1729
1730
1732
1733
1734
1735
1736
1737
1738
1739
1740
1741
1742
1743
1744
1748
1749
1750
1751
1752
1756
1757
1759
1761
1762
1763
1764
1766
1767
1768
1769
1770
1771
1773
1775
1777
1778
1779
1780
1781
1783
1785
1787
1788
1789
1790
1791
1792
1793
1794
1797
1798
1799
1800
1801
1804
1805
1806
1807
1808
1809
1810
1812
1813
1814
1815
1816
1817
1818
1820
1821
1823
1824
1825
1826
1827
1828
1831
1832
1833
1834
1835
1836
1837
1839
1840
1841
1842
1848
1850
1851
1853
1854
1855
1856
1857
1858
1859
1860
1861
1862
1863
1864
1867
1871
1875
1879
1880
1881
1886
1887
1889
1891
1893
1894
1896
1897
1898
1900
1901
1902
1903
1904
1905
1906
1907
1912
1914
1915
1916
1917
1921
1922
1923
1929
1930
1931
1932
1933
1938
1940
1941
1943
1945
1947
1950
1951
1954
1958
1961
1966
1967
1968
1969
1970
1971
1974
1976
1977
1978
1980
1984
1987
1988
1989
1990
1996
1997
1998
2000
2001
2002
2004
2005
2008
2010
2014
2016
2017
2018
2019
2020
2021
2022
2024
2028
2029
2030
2031
2037
2039
2040
2041
2042
2043
2045
2046
2047
2048
2050
2052
2054
2055
2056
2057
2059
2060
2062
2063
2068
2069
2071
2072
2073
2074
2075
2077
2078
2079
2080
2081
2084
2085
2088
2089
2090
2091
2092
2093
2094
2095
2097
2102
2105
2107
2108
2109
2111
2112
2113
2114
2115
2116
2117
2118
2119
2120
2121
2123
2124
2126
2128
2130
2131
2132
2133
2134
2135
2136
2137
2140
2144
2145
2147
2148
2149
2150
2151
2152
2153
2155
2156
2158
2159
2160
2162
2164
2165
2166
2167
2168
2169
2170
2171
2172
2174
2175
2176
2178
2179
2181
2182
2183
2184
2185
2187
2188
2189
2191
2192
2193
2195
2196
2197
2200
2201
2202
2203
2204
2205
2207
2208
2209
2210
2211
2212
2213
2214
2215
2216
2217
2218
2219
2220
2222
2223
2224
2226
2227
2228
2229
2231
2235
2237
2239
2240
2241
2244
2246
2247
2248
2249
2250
2251
2252
2253
2254
2255
2256
2257
2258
2259
2267
2268
2272
2275
2276
2277
2278
2282
2283
2285
2287
2290
2291
2292
2293
2294
2297
2298
2299
2300
2301
2302
2303
2304
2305
2308
2309
2310
2311
2312
2313
2318
2320
2323
2327
2328
2329
2331
2333
2338
2339
2341
2342
2344
2346
2347
2351
2356
2359
2360
2361
2362
2363
2365
2366
2367
2370
2374
2376
2377
2380
2383
2384
2387
2391
2393
2394
2396
2397
2399
2400
2403
2404
2405
2406
2409
2410
2412
2413
2414
2416
2421
2423
2426
2427
2430
2432
2434
2437
2438
2441
2442
2445
2447
2448
2449
2450
2451
2452
2453
2454
2455
2456
2457
2458
2459
2460
2461
2462
2466
2467
2469
2471
2476
2477
2480
2481
2482
2483
2484
2485
2486
2487
2488
2490
2491
2492
2493
2497
2498
2499
2504
2505
2507
2508
2509
2510
2511
2512
2513
2514
2515
2516
2519
2520
2522
2524
2525
2526
2527
2528
2529
2530
2531
2532
2533
2535
2536
2538
2541
2543
2544
2545
2546
2547
2549
2550
2551
2552
2553
2554
2556
2557
2558
2560
2561
2563
2564
2565
2566
2567
2570
2571
2572
2573
2574
2575
2577
2578
2579
2580
2581
2582
2583
2584
2585
2587
2588
2589
2591
2593
2595
2596
2597
2599
2600
2601
2602
2603
2604
2605
2607
2608
2609
2610
2611
2612
2613
2615
2616
2617
2619
2620
2621
2623
2624
2625
2626
2629
2633
2634
2636
2638
2640
2642
2643
2645
2646
2647
2648
2649
2650
2651
2652
2653
2654
2655
2656
2657
2660
2661
2662
2663
2664
2668
2671
2672
2679
2681
2686
2688
2691
2692
2694
2695
2696
2698
2699
2700
2701
2702
2704
2705
2706
2707
2708
2709
2714
2716
2720
2722
2723
2724
2725
2726
2727
2728
2730
2731
2733
2734
2738
2741
2742
2744
2745
2746
2747
2750
2752
2755
2756
2757
2760
2761
2764
2766
2767
2768
2771
2774
2776
2778
2780
2782
2786
2789
2793
2795
2797
2798
2800
2804
2806
2807
2808
2809
2810
2811
2815
2816
2821
2822
2825
2826
2827
2830
2833
2835
2837
2838
2845
2846
2847
2848
2850
2851
2852
2854
2855
2856
2858
2860
2862
2863
2864
2865
2867
2872
2873
2876
2877
2878
2879
2880
2881
2882
2883
2884
2886
2887
2888
2893
2895
2897
2898
2900
2901
2902
2903
2904
2905
2906
2907
2908
2909
2910
2911
2913
2917
2919
2920
2921
2922
2923
2924
2925
2926
2927
2928
2929
2930
2931
2932
2934
2935
2939
2940
2941
2942
2943
2944
2945
2947
2948
2949
2950
2952
2953
2954
2956
2957
2958
2959
2960
2961
2963
2966
2967
2968
2969
2970
2971
2972
2973
2974
2975
2976
2977
2978
2979
2980
2981
2983
2984
2985
2987
2988
2989
2991
2992
2993
2994
2995
2996
2999
3000
3001
3003
3004
3005
3006
3007
3008
3009
3010
3011
3012
3013
3015
3016
3017
3018
3019
3020
3023
3030
3031
3033
3034
3036
3038
3039
3040
3041
3042
3043
3044
3045
3046
3047
3048
3049
3050
3052
3053
3054
3056
3058
3062
3064
3065
3067
3068
3075
3080
3082
3084
3086
3088
3090
3092
3093
3095
3096
3097
3098
3100
3101
3103
3104
3105
3110
3111
3113
3116
3118
3119
3120
3122
3123
3131
3132
3138
3139
3141
3144
3155
3158
3161
3164
3168
3169
3177
3178
3180
3181
3189
3192
3194
3197
3199
3200
3202
3203
3204
3205
3206
3212
3214
3218
3219
3220
3221
3224
3226
3227
3228
3229
3233
3235
3237
3240
3242
3243
3244
3245
3246
3247
3248
3250
3253
3254
3256
3257
3259
3260
3261
3262
3263
3266
3268
3269
3270
3272
3273
3274
3276
3277
3278
3280
3281
3283
3284
3289
3295
3296
3298
3299
3300
3301
3302
3303
3305
3306
3307
3308
3312
3316
3317
3318
3320
3321
3322
3323
3324
3327
3328
3329
3330
3331
3333
3335
3336
3338
3339
3341
3344
3346
3348
3350
3353
3354
3355
3356
3357
3359
3362
3363
3364
3365
3366
3368
3369
3371
3373
3374
3375
3376
3377
3379
3380
3381
3383
3385
3387
3388
3389
3391
3392
3393
3394
3395
3396
3397
3398
3399
3400
3401
3402
3404
3405
3406
3407
3408
3409
3411
3412
3413
3415
3416
3417
3421
3424
3426
3427
3428
3432
3434
3435
3437
3438
3439
3440
3441
3442
3443
3444
3445
3446
3451
3452
3458
3459
3461
3462
3463
3465
3466
3467
3468
3471
3473
3475
3476
3477
3478
3480
3483
3484
3485
3488
3489
3491
3492
3493
3494
3496
3497
3499
3500
3502
3503
3507
3509
3512
3513
3514
3515
3516
3517
3520
3524
3526
3528
3533
3539
3540
3541
3542
3545
3546
3547
3550
3552
3561
3562
3565
3567
3571
3572
3574
3577
3580
3585
3590
3592
3594
3596
3598
3601
3602
3603
3605
3614
3621
3622
3623
3624
3625
3627
3628
3630
3633
3634
3636
3639
3640
3641
3643
3644
3646
3649
3652
3653
3654
3655
3656
3657
3659
3662
3663
3666
3669
3670
3671
3672
3673
3674
3676
3678
3679
3680
3681
3689
3690
3691
3692
3693
3695
3696
3697
3698
3699
3701
3702
3703
3704
3705
3706
3708
3709
3710
3711
3714
3715
3716
3717
3718
3719
3720
3722
3723
3724
3726
3727
3729
3730
3731
3732
3733
3734
3735
3736
3737
3740
3741
3742
3744
3745
3746
3749
3750
3751
3752
3753
3755
3756
3757
3758
3759
3760
3761
3762
3763
3764
3765
3766
3767
3769
3770
3772
3773
3774
3775
3777
3779
3780
3781
3783
3784
3785
3786
3787
3788
3789
3791
3792
3793
3794
3795
3796
3797
3798
3799
3800
3802
3803
3804
3805
3807
3808
3809
3810
3811
3812
3817
3818
3823
3824
3829
3830
3831
3833
3834
3835
3836
3837
3838
3839
3840
3841
3842
3849
3852
3855
3856
3858
3859
3860
3861
3862
3864
3868
3869
3870
3871
3873
3876
3877
3878
3884
3885
3888
3889
3891
3892
3893
3895
3896
3897
3898
3899
3903
3910
3911
3912
3917
3922
3934
3942
3945
3946
3947
3952
3955
3956
3957
3958
3959
3967
3970
3973
3974
3982
3985
3990
3991
3997
3998
4001
4003
4010
4013
4015
4016
4019
4021
4024
4027
4028
4032
4033
4034
4035
4036
4037
4039
4040
4042
4045
4047
4052
4054
4055
4057
4058
4060
4063
4065
4066
4068
4069
4070
4071
4072
4074
4075
4077
4079
4081
4083
4087
4088
4090
4091
4093
4094
4095
4096
4097
4098
4099
4100
4101
4102
4103
4105
4107
4108
4109
4110
4111
4112
4113
4114
4115
4116
4118
4119
4120
4123
4124
4125
4126
4127
4129
4130
4131
4132
4133
4135
4136
4138
4139
4140
4141
4142
4145
4146
4147
4149
4151
4152
4153
4154
4155
4156
4158
4159
4160
4161
4163
4164
4165
4166
4167
4168
4169
4171
4173
4175
4176
4179
4180
4181
4183
4184
4185
4186
4187
4188
4189
4190
4191
4192
4193
4194
4195
4196
4197
4198
4199
4200
4201
4203
4204
4205
4206
4207
4208
4210
4211
4218
4219
4223
4224
4229
4230
4231
4232
4233
4234
4235
4236
4237
4238
4245
4248
4251
4254
4255
4257
4258
4259
4262
4264
4269
4271
4273
4275
4277
4279
4280
4283
4284
4285
4286
4288
4289
4291
4292
4293
4295
4297
4298
4299
4304
4306
4307
4308
4309
4311
4315
4316
4320
4323
4329
4335
4337
4338
4339
4340
4341
4347
4348
4350
4359
4360
4370
4374
4375
4380
4381
4384
4388
4390
4391
4393
4394
4402
4411
4413
4415
4417
4420
4421
4423
4430
4431
4432
4434
4435
4436
4438
4440
4441
4443
4445
4446
4447
4448
4449
4450
4451
4454
4456
4457
4459
4461
4462
4464
4465
4466
4468
4470
4471
4472
4473
4475
4478
4479
4481
4482
4483
4484
4486
4488
4489
4490
4491
4494
4495
4496
4498
4499
4502
4503
4505
4506
4507
4508
4509
4510
4511
4512
4514
4515
4516
4518
4520
4521
4523
4525
4526
4527
4528
4529
4531
4533
4534
4536
4537
4541
4542
4543
4544
4545
4547
4549
4550
4551
4552
4553
4554
4555
4556
4557
4558
4559
4560
4562
4563
4564
4565
4568
4569
4570
4571
4573
4575
4576
4578
4579
4581
4582
4583
4584
4585
4588
4589
4590
4591
4592
4593
4594
4595
4596
4597
4598
4599
4600
4601
4602
4603
4604
4610
4611
4612
4614
4616
4619
4620
4621
4622
4623
4626
4627
4628
4629
4630
4631
4632
4633
4634
4636
4637
4639
4642
4644
4650
4651
4653
4654
4656
4660
4661
4662
4665
4669
4671
4673
4674
4676
4679
4680
4681
4683
4684
4685
4687
4688
4691
4693
4694
4695
4703
4704
4711
4713
4716
4718
4719
4721
4723
4724
4732
4735
4737
4741
4755
4756
4776
4779
4782
4783
4784
4786
4789
4790
4795
4800
4802
4805
4807
4808
4811
4816
4817
4819
4823
4827
4829
4830
4831
4832
4834
4836
4839
4840
4843
4844
4845
4846
4847
4850
4851
4853
4855
4857
4858
4861
4862
4863
4864
4867
4868
4869
4871
4873
4874
4875
4876
4880
4882
4883
4884
4885
4886
4887
4890
4891
4893
4894
4895
4896
4898
4899
4900
4902
4904
4905
4906
4907
4909
4910
4911
4912
4913
4914
4915
4916
4918
4919
4920
4921
4922
4923
4924
4925
4926
4927
4932
4933
4934
4937
4938
4939
4941
4943
4944
4945
4946
4947
4948
4949
4950
4952
4953
4954
4955
4956
4957
4959
4961
4962
4965
4966
4967
4969
4971
4972
4973
4974
4976
4977
4978
4979
4980
4981
4983
4984
4985
4986
4987
4988
4989
4990
4991
4992
4993
4996
4997
4998
4999
5000
5010
5011
5012
5013
5016
5017
5018
5022
5023
5024
5025
5026
5027
5028
5029
5030
5033
5034
5035
5038
5040
5043
5044
5046
5050
5051
5054
5057
5062
5063
5065
5067
5069
5071
5072
5073
5074
5076
5077
5078
5080
5081
5083
5084
5085
5086
5095
5098
5099
5100
5101
5104
5113
5119
5122
5123
5125
5134
5136
5138
5141
5154
5163
5165
5173
5175
5176
5178
5179
5181
5185
5193
5210
5211
5212
5214
5222
5224
5225
5226
5229
5234
5235
5236
5238
5239
5240
5241
5242
5243
5244
5246
5249
5250
5252
5253
5254
5255
5256
5257
5258
5259
5262
5266
5270
5272
5274
5275
5277
5278
5279
5280
5281
5282
5283
5285
5286
5287
5289
5291
5293
5296
5298
5299
5300
5301
5302
5305
5306
5307
5311
5312
5314
5316
5317
5318
5319
5320
5322
5323
5324
5327
5328
5329
5330
5332
5333
5334
5335
5336
5338
5339
5340
5342
5343
5344
5345
5347
5348
5349
5350
5353
5354
5358
5359
5360
5361
5362
5364
5366
5367
5368
5372
5373
5374
5376
5379
5380
5381
5382
5383
5385
5386
5387
5388
5391
5392
5393
5394
5395
5398
5400
5412
5413
5415
5417
5418
5419
5420
5421
5422
5423
5424
5425
5429
5430
5435
5436
5437
5438
5442
5445
5447
5449
5452
5456
5458
5459
5463
5464
5467
5468
5469
5470
5471
5474
5475
5476
5478
5479
5480
5482
5483
5484
5490
5494
5495
5502
5503
5507
5510
5514
5515
5521
5526
5528
5531
5532
5533
5534
5537
5538
5539
5545
5560
5569
5573
5574
5576
5579
5580
5583
5597
5600
5610
5614
5617
5620
5621
5624
5625
5630
5631
5632
5633
5635
5637
5639
5642
5647
5648
5649
5651
5652
5654
5657
5658
5665
5667
5669
5671
5673
5674
5675
5676
5677
5678
5680
5681
5682
5684
5685
5686
5688
5689
5690
5691
5693
5694
5695
5696
5698
5700
5702
5703
5705
5706
5707
5708
5709
5712
5713
5714
5715
5716
5717
5718
5719
5720
5721
5722
5723
5727
5728
5729
5731
5732
5733
5734
5735
5737
5740
5742
5743
5744
5748
5749
5752
5753
5754
5755
5756
5757
5759
5761
5762
5763
5765
5766
5767
5768
5769
5771
5773
5774
5775
5777
5778
5780
5781
5782
5783
5786
5787
5788
5789
5790
5792
5795
5800
5803
5806
5808
5812
5813
5814
5815
5816
5817
5818
5819
5820
5830
5831
5835
5836
5837
5840
5844
5845
5851
5856
5858
5859
5861
5862
5863
5864
5866
5867
5868
5870
5872
5873
5874
5875
5878
5886
5888
5889
5890
5892
5893
5895
5899
5900
5905
5908
5909
5910
5912
5913
5918
5920
5923
5927
5930
5935
5937
5944
5949
5953
5960
5964
5968
5969
5973
5974
5975
5978
5990
5997
6002
6005
6008
6009
6010
6011
6015
6016
6019
6022
6023
6024
6028
6029
6032
6033
6034
6038
6039
6040
6042
6043
6044
6045
6046
6047
6048
6049
6051
6052
6053
6054
6061
6062
6064
6065
6066
6067
6068
6069
6070
6071
6072
6073
6074
6075
6076
6079
6080
6083
6084
6086
6088
6089
6090
6091
6092
6093
6095
6097
6098
6099
6100
6101
6102
6103
6104
6107
6108
6109
6110
6111
6112
6113
6114
6115
6116
6117
6118
6120
6122
6123
6126
6128
6129
6130
6132
6133
6135
6137
6138
6139
6140
6143
6144
6145
6146
6148
6149
6150
6151
6152
6155
6156
6157
6160
6161
6162
6163
6164
6166
6169
6170
6171
6172
6174
6175
6177
6178
6181
6182
6183
6185
6187
6199
6203
6204
6207
6208
6209
6210
6211
6212
6213
6214
6215
6220
6222
6225
6227
6229
6235
6236
6238
6240
6242
6244
6246
6247
6249
6251
6253
6254
6255
6257
6258
6259
6260
6261
6263
6265
6266
6267
6268
6270
6273
6275
6283
6284
6287
6290
6293
6295
6296
6297
6299
6300
6307
6308
6309
6310
6313
6315
6318
6322
6327
6336
6344
6357
6359
6363
6367
6368
6373
6376
6378
6385
6387
6392
6396
6404
6405
6408
6409
6410
6413
6417
6418
6419
6423
6424
6425
6426
6427
6428
6437
6438
6439
6440
6441
6443
6444
6446
6447
6448
6455
6456
6457
6459
6460
6461
6462
6463
6464
6465
6467
6468
6469
6470
6471
6472
6473
6474
6477
6478
6479
6480
6481
6483
6484
6485
6486
6487
6488
6490
6492
6493
6494
6496
6497
6498
6499
6502
6503
6504
6505
6506
6507
6508
6509
6510
6512
6513
6515
6517
6518
6519
6521
6523
6524
6525
6526
6527
6528
6532
6533
6534
6536
6537
6538
6539
6540
6541
6542
6544
6545
6546
6547
6550
6551
6554
6555
6556
6558
6559
6563
6564
6565
6566
6567
6568
6569
6570
6571
6572
6573
6576
6577
6578
6579
6586
6591
6596
6602
6603
6604
6605
6606
6607
6608
6609
6610
6613
6616
6617
6620
6624
6626
6630
6633
6634
6637
6639
6643
6644
6646
6647
6648
6649
6652
6653
6655
6656
6658
6660
6661
6662
6663
6665
6666
6667
6668
6671
6678
6679
6680
6682
6684
6685
6688
6689
6696
6699
6702
6703
6706
6707
6711
6713
6715
6726
6727
6728
6755
6758
6759
6761
6762
6763
6777
6781
6784
6792
6798
6799
6803
6805
6811
6812
6814
6816
6817
6818
6819
6820
6822
6823
6826
6828
6829
6831
6832
6833
6834
6835
6836
6838
6841
6842
6843
6846
6851
6852
6853
6854
6855
6856
6858
6859
6860
6862
6863
6864
6865
6866
6867
6868
6869
6870
6871
6872
6873
6875
6876
6878
6879
6880
6881
6883
6885
6887
6888
6889
6890
6891
6892
6893
6894
6897
6898
6899
6900
6901
6902
6903
6904
6905
6907
6908
6910
6913
6914
6915
6916
6917
6918
6919
6920
6921
6922
6923
6924
6927
6928
6929
6930
6931
6932
6933
6934
6935
6936
6941
6942
6945
6946
6947
6949
6950
6951
6953
6954
6955
6956
6958
6960
6961
6962
6964
6965
6966
6967
6968
6969
6971
6973
6987
6997
6998
6999
7000
7001
7002
7003
7004
7008
7011
7012
7013
7016
7019
7021
7024
7026
7029
7033
7034
7036
7038
7039
7042
7043
7044
7047
7049
7050
7051
7053
7054
7055
7056
7057
7063
7073
7075
7077
7078
7080
7086
7090
7093
7097
7103
7104
7109
7113
7117
7118
7122
7123
7147
7151
7154
7155
7156
7157
7158
7172
7176
7177
7180
7186
7191
7193
7194
7198
7199
7206
7213
7215
7217
7221
7224
7225
7227
7228
7229
7230
7231
7233
7234
7235
7236
7237
7238
7241
7246
7247
7248
7249
7251
7252
7253
7254
7256
7257
7258
7260
7261
7262
7263
7264
7266
7268
7269
7273
7274
7275
7276
7277
7278
7280
7282
7285
7286
7287
7288
7292
7293
7295
7296
7297
7298
7299
7300
7301
7302
7303
7304
7305
7308
7309
7311
7313
7314
7315
7316
7317
7318
7319
7322
7323
7324
7325
7327
7328
7329
7331
7333
7335
7336
7337
7340
7341
7342
7343
7344
7345
7346
7348
7349
7350
7351
7353
7354
7355
7356
7357
7359
7360
7361
7362
7363
7366
7367
7368
7369
7381
7384
7385
7387
7388
7389
7390
7392
7393
7394
7395
7396
7397
7398
7399
7404
7406
7408
7416
7420
7423
7424
7427
7429
7431
7434
7437
7438
7439
7442
7445
7446
7447
7448
7449
7450
7451
7452
7455
7456
7457
7461
7466
7468
7469
7470
7472
7473
7475
7477
7479
7480
7481
7488
7491
7503
7511
7512
7513
7517
7518
7525
7542
7546
7548
7549
7553
7569
7571
7574
7575
7580
7582
7585
7586
7589
7592
7593
7594
7600
7602
7603
7604
7605
7608
7610
7611
7612
7618
7619
7620
7621
7622
7623
7624
7625
7626
7628
7629
7630
7631
7632
7633
7637
7639
7640
7644
7647
7648
7649
7651
7652
7653
7654
7655
7658
7659
7661
7662
7667
7668
7669
7671
7672
7673
7675
7677
7678
7679
7680
7681
7682
7683
7684
7686
7687
7688
7690
7692
7693
7694
7696
7697
7698
7699
7700
7702
7703
7704
7705
7706
7707
7708
7709
7710
7712
7713
7714
7717
7718
7719
7720
7721
7722
7723
7724
7725
7726
7727
7728
7729
7730
7731
7732
7733
7735
7736
7737
7738
7739
7740
7741
7743
7744
7745
7746
7748
7749
7750
7751
7752
7754
7755
7756
7757
7758
7761
7762
7763
7764
7773
7776
7783
7787
7788
7789
7790
7791
7792
7793
7794
7795
7799
7815
7816
7819
7820
7821
7822
7824
7826
7827
7829
7830
7833
7834
7837
7840
7842
7843
7845
7847
7848
7849
7850
7851
7854
7855
7862
7863
7864
7865
7870
7873
7874
7876
7877
7880
7884
7885
7886
7887
7888
7892
7893
7896
7897
7904
7920
7922
7928
7934
7937
7941
7943
7945
7947
7948
7975
7980
7984
7988
7989
7993
7995
7996
7999
8000
8002
8003
8007
8014
8016
8017
8018
8019
8020
8021
8023
8027
8028
8032
8034
8035
8036
8038
8039
8040
8042
8043
8044
8045
8046
8047
8048
8050
8051
8054
8055
8056
8057
8058
8061
8063
8064
8065
8066
8067
8068
8070
8072
8074
8075
8076
8077
8078
8081
8082
8083
8086
8087
8088
8089
8091
8092
8093
8095
8097
8098
8099
8101
8102
8104
8105
8106
8107
8108
8111
8112
8113
8114
8116
8117
8118
8119
8120
8121
8122
8123
8124
8125
8126
8127
8128
8130
8131
8132
8135
8136
8138
8139
8140
8141
8143
8144
8145
8146
8147
8149
8150
8151
8152
8153
8156
8158
8159
8169
8170
8177
8178
8182
8183
8184
8185
8186
8187
8188
8189
8195
8197
8198
8199
8201
8202
8210
8211
8213
8214
8215
8216
8217
8218
8219
8220
8228
8230
8232
8236
8238
8239
8240
8242
8245
8250
8256
8258
8259
8260
8266
8268
8286
8287
8291
8301
8304
8307
8315
8322
8331
8334
8336
8337
8339
8342
8343
8347
8361
8362
8367
8370
8372
8380
8381
8383
8384
8385
8386
8388
8390
8393
8394
8395
8397
8398
8399
8400
8402
8409
8410
8411
8412
8413
8414
8415
8416
8418
8419
8420
8421
8423
8424
8427
8431
8434
8435
8437
8438
8439
8440
8441
8442
8445
8448
8450
8453
8454
8456
8458
8460
8461
8462
8463
8465
8467
8469
8470
8472
8473
8474
8475
8476
8477
8478
8479
8481
8482
8483
8484
8485
8486
8487
8488
8489
8490
8491
8492
8493
8494
8497
8498
8499
8500
8501
8502
8503
8504
8506
8507
8508
8509
8510
8511
8513
8514
8515
8516
8517
8518
8519
8520
8523
8525
8526
8527
8528
8530
8531
8532
8533
8534
8536
8537
8538
8539
8540
8541
8542
8544
8545
8546
8547
8548
8550
8551
8552
8554
8570
8572
8573
8577
8578
8579
8580
8581
8582
8583
8584
8589
8592
8601
8608
8609
8611
8612
8613
8614
8621
8623
8624
8625
8627
8628
8629
8631
8635
8636
8637
8639
8640
8641
8646
8647
8651
8655
8659
8663
8666
8668
8669
8681
8683
8691
8693
8694
8699
8703
8716
8717
8721
8728
8729
8730
8731
8732
8733
8737
8739
8740
8751
8756
8758
8761
8762
8769
8773
8776
8777
8778
8779
8780
8784
8785
8787
8790
8792
8793
8795
8797
8798
8802
8803
8804
8806
8807
8808
8809
8811
8813
8814
8815
8820
8822
8823
8825
8826
8829
8830
8831
8833
8834
8835
8836
8837
8839
8840
8841
8842
8843
8845
8847
8848
8849
8850
8851
8853
8855
8856
8857
8858
8860
8862
8863
8865
8866
8867
8868
8869
8870
8871
8872
8873
8874
8876
8877
8878
8879
8880
8881
8883
8884
8885
8887
8888
8889
8892
8893
8894
8895
8896
8897
8898
8901
8902
8903
8904
8905
8907
8908
8909
8910
8911
8912
8913
8914
8915
8916
8918
8920
8921
8923
8924
8925
8926
8928
8929
8930
8931
8933
8934
8935
8936
8937
8938
8939
8940
8941
8942
8943
8945
8946
8948
8949
8958
8965
8968
8972
8973
8974
8975
8976
8977
8978
8979
8984
8987
8992
8994
8996
9003
9004
9006
9009
9013
9016
9017
9018
9022
9025
9026
9027
9030
9031
9032
9034
9035
9041
9042
9046
9048
9049
9050
9055
9058
9060
9062
9063
9065
9071
9075
9076
9083
9094
9107
9110
9121
9122
9126
9127
9128
9130
9132
9133
9134
9135
9138
9149
9151
9152
9157
9164
9169
9170
9171
9172
9173
9174
9175
9179
9180
9181
9182
9184
9185
9187
9189
9190
9193
9194
9195
9196
9198
9199
9200
9203
9204
9205
9206
9208
9212
9214
9218
9221
9223
9225
9226
9227
9228
9229
9230
9232
9237
9238
9242
9244
9245
9246
9247
9248
9250
9251
9252
9253
9255
9257
9260
9261
9262
9263
9265
9266
9267
9271
9272
9273
9274
9275
9276
9277
9278
9279
9280
9281
9282
9283
9284
9286
9288
9289
9290
9291
9292
9293
9294
9296
9297
9298
9299
9300
9301
9303
9305
9306
9307
9308
9309
9310
9311
9312
9313
9315
9319
9320
9321
9323
9324
9325
9326
9327
9328
9329
9330
9331
9332
9334
9335
9336
9337
9338
9339
9340
9341
9342
9344
9355
9357
9363
9367
9368
9369
9370
9371
9372
9373
9374
9379
9384
9389
9391
9392
9395
9396
9398
9399
9401
9402
9404
9412
9415
9416
9417
9420
9421
9424
9425
9426
9427
9428
9429
9430
9431
9436
9437
9443
9444
9445
9451
9454
9456
9460
9466
9473
9475
9476
9481
9483
9486
9488
9516
9517
9518
9523
9527
9528
9529
9540
9546
9547
9552
9553
9561
9564
9565
9567
9570
9574
9575
9576
9577
9579
9581
9582
9585
9587
9588
9589
9592
9594
9595
9598
9599
9600
9601
9603
9604
9605
9608
9609
9612
9616
9620
9621
9622
9623
9624
9625
9626
9627
9628
9629
9632
9633
9634
9637
9639
9640
9641
9642
9643
9645
9646
9647
9648
9650
9652
9656
9657
9658
9659
9660
9661
9662
9666
9667
9668
9669
9670
9671
9672
9673
9675
9676
9677
9678
9679
9682
9683
9685
9686
9687
9688
9689
9691
9692
9693
9694
9695
9698
9700
9701
9702
9704
9705
9706
9707
9708
9710
9712
9713
9714
9715
9716
9718
9719
9720
9721
9722
9724
9726
9727
9729
9730
9731
9732
9733
9734
9735
9736
9739
9742
9755
9757
9758
9761
9762
9763
9764
9765
9766
9767
9768
9769
9773
9774
9775
9777
9779
9781
9782
9784
9786
9787
9790
9791
9793
9794
9795
9796
9797
9799
9808
9811
9812
9814
9815
9816
9819
9820
9821
9822
9823
9824
9825
9826
9827
9831
9833
9838
9839
9840
9845
9849
9864
9865
9867
9877
9879
9882
9883
9895
9899
9918
9923
9924
9926
9930
9935
9941
9942
9947
9959
9961
9962
9963
9964
9965
9966
9969
9970
9971
9972
9974
9977
9979
9980
9981
9983
9984
9987
9989
9990
9993
9994
9995
9996
9998
10002
10003
10013
10015
10016
10018
10020
10021
10022
10023
10024
10025
10026
10028
10029
10031
10032
10035
10036
10037
10038
10040
10041
10043
10045
10047
10050
10051
10053
10054
10055
10056
10057
10061
10062
10063
10064
10065
10066
10068
10069
10070
10072
10074
10075
10077
10078
10079
10080
10081
10083
10084
10086
10088
10089
10090
10091
10093
10094
10095
10096
10097
10098
10099
10100
10101
10102
10103
10105
10106
10107
10109
10110
10111
10112
10113
10114
10115
10116
10117
10118
10119
10120
10122
10123
10124
10125
10126
10127
10128
10129
10130
10131
10132
10134
10150
10153
10157
10158
10159
10160
10161
10162
10163
10164
10170
10179
10181
10182
10185
10186
10187
10188
10189
10191
10192
10194
10197
10198
10200
10205
10206
10207
10215
10216
10217
10219
10220
10221
10222
10226
10228
10229
10231
10233
10234
10235
10238
10241
10244
10245
10252
10272
10279
10281
10296
10306
10307
10312
10314
10316
10317
10318
10319
10336
10338
10342
10352
10357
10358
10359
10360
10363
10364
10367
10369
10370
10372
10374
10376
10377
10378
10379
10380
10381
10382
10384
10388
10389
10390
10391
10393
10396
10398
10401
10402
10408
10409
10410
10411
10412
10413
10415
10416
10417
10418
10419
10420
10421
10422
10423
10425
10427
10429
10430
10431
10432
10433
10434
10435
10436
10438
10440
10442
10445
10446
10448
10449
10450
10451
10452
10453
10456
10458
10460
10461
10462
10463
10465
10466
10468
10469
10471
10472
10473
10474
10475
10477
10478
10479
10481
10483
10485
10486
10487
10488
10489
10490
10491
10493
10494
10495
10496
10497
10498
10500
10501
10502
10503
10504
10505
10506
10507
10508
10509
10510
10511
10512
10513
10514
10515
10517
10519
10520
10521
10524
10525
10526
10527
10529
10535
10541
10545
10548
10552
10553
10554
10555
10556
10557
10558
10559
10565
10574
10576
10577
10580
10581
10582
10583
10584
10585
10586
10587
10589
10595
10601
10602
10603
10607
10608
10610
10611
10612
10614
10615
10616
10617
10621
10624
10628
10629
10630
10639
10640
10651
10656
10662
10664
10668
10669
10674
10675
10682
10684
10685
10687
10688
10702
10706
10708
10710
10711
10712
10714
10728
10732
10733
10734
10737
10738
10746
10750
10751
10752
10754
10758
10759
10764
10765
10769
10771
10775
10776
10777
10779
10783
10784
10785
10786
10787
10788
10789
10791
10792
10794
10797
10804
10805
10806
10807
10808
10810
10811
10812
10813
10814
10815
10816
10817
10818
10819
10824
10825
10826
10827
10828
10829
10830
10831
10832
10833
10835
10837
10838
10839
10840
10841
10843
10844
10845
10846
10847
10853
10855
10856
10857
10858
10859
10860
10861
10864
10866
10867
10869
10870
10872
10873
10874
10876
10878
10879
10880
10882
10883
10884
10885
10886
10887
10888
10889
10890
10891
10892
10893
10897
10899
10900
10901
10902
10903
10904
10905
10906
10907
10908
10909
10911
10912
10914
10915
10916
10917
10919
10920
10921
10922
10923
10924
10939
10940
10943
10947
10948
10949
10950
10951
10952
10953
10954
10955
10958
10960
10962
10969
10971
10972
10975
10976
10977
10978
10979
10980
10981
10982
10983
10988
10990
10996
10997
10999
11003
11005
11006
11007
11010
11012
11013
11016
11017
11020
11021
11023
11024
11025
11028
11030
11031
11033
11038
11041
11043
11045
11056
11063
11064
11072
11079
11080
11082
11087
11098
11103
11106
11107
11108
11109
11115
11116
11119
11124
11126
11132
11141
11144
11145
11146
11153
11154
11156
11157
11159
11160
11161
11164
11166
11168
11169
11170
11171
11174
11176
11177
11178
11180
11181
11182
11183
11184
11186
11192
11193
11198
11200
11201
11202
11203
11204
11205
11206
11207
11208
11209
11210
11211
11213
11220
11221
11222
11223
11224
11225
11226
11228
11230
11232
11233
11234
11235
11237
11238
11239
11240
11241
11244
11246
11248
11249
11250
11251
11253
11255
11256
11257
11258
11261
11262
11263
11264
11265
11266
11267
11268
11269
11271
11272
11273
11274
11275
11276
11277
11278
11280
11281
11282
11283
11284
11285
11286
11287
11292
11294
11295
11296
11297
11298
11299
11300
11301
11302
11303
11304
11305
11306
11307
11309
11310
11311
11312
11313
11314
11315
11316
11317
11318
11319
11334
11338
11341
11342
11343
11344
11345
11346
11347
11348
11349
11350
11353
11355
11357
11366
11367
11371
11372
11373
11374
11375
11377
11383
11388
11392
11394
11397
11398
11399
11400
11401
11402
11405
11407
11408
11416
11418
11419
11420
11424
11425
11432
11435
11439
11444
11449
11461
11463
11469
11472
11479
11480
11493
11498
11501
11502
11503
11504
11515
11519
11523
11527
11540
11541
11543
11548
11552
11553
11554
11555
11556
11562
11564
11565
11570
11571
11572
11573
11574
11575
11576
11578
11579
11581
11582
11584
11587
11588
11591
11593
11595
11596
11597
11598
11600
11601
11602
11604
11605
11606
11608
11613
11614
11615
11616
11617
11618
11619
11620
11621
11622
11623
11625
11627
11628
11629
11632
11633
11634
11635
11638
11639
11641
11643
11644
11645
11646
11647
11648
11653
11654
11656
11658
11659
11660
11662
11663
11664
11666
11668
11669
11670
11671
11672
11673
11674
11675
11676
11678
11679
11680
11681
11685
11686
11687
11688
11689
11690
11691
11692
11693
11694
11695
11696
11697
11698
11699
11700
11701
11702
11704
11705
11706
11709
11710
11711
11712
11713
11714
11726
11729
11733
11736
11737
11738
11739
11740
11741
11742
11743
11744
11748
11752
11761
11762
11766
11767
11769
11770
11772
11773
11775
11777
11778
11782
11783
11787
11789
11791
11793
11794
11795
11796
11797
11800
11803
11806
11808
11809
11811
11813
11814
11832
11833
11848
11850
11851
11852
11855
11888
11895
11896
11897
11898
11899
11909
11914
11915
11919
11923
11933
11934
11935
11936
11938
11940
11946
11947
11948
11949
11950
11951
11954
11957
11960
11961
11965
11967
11968
11970
11971
11972
11973
11976
11977
11981
11984
11986
11988
11989
11990
11991
11992
11993
11994
11995
11996
11997
12000
12001
12002
12003
12004
12005
12008
12009
12010
12012
12013
12014
12015
12016
12017
12018
12022
12023
12024
12025
12026
12027
12028
12029
12030
12034
12036
12037
12038
12039
12040
12041
12042
12043
12047
12048
12049
12052
12053
12054
12055
12056
12057
12058
12059
12061
12062
12063
12064
12065
12066
12067
12068
12069
12070
12071
12072
12073
12074
12075
12076
12080
12081
12082
12084
12085
12087
12088
12089
12090
12091
12092
12093
12094
12096
12097
12098
12099
12100
12101
12102
12104
12105
12107
12108
12109
12117
12119
12124
12128
12132
12133
12134
12135
12136
12137
12138
12139
12140
12143
12147
12154
12156
12157
12159
12160
12161
12162
12164
12165
12166
12168
12169
12172
12173
12176
12177
12181
12182
12184
12187
12189
12190
12191
12192
12195
12198
12201
12206
12208
12209
12213
12222
12224
12227
12230
12240
12242
12243
12246
12248
12266
12269
12272
12283
12290
12291
12292
12293
12294
12304
12311
12313
12315
12328
12329
12330
12331
12336
12340
12341
12342
12343
12344
12345
12346
12348
12349
12350
12351
12352
12354
12355
12356
12359
12362
12363
12365
12366
12373
12374
12376
12377
12380
12381
12383
12384
12385
12386
12387
12388
12389
12390
12391
12392
12394
12396
12399
12400
12401
12403
12404
12405
12406
12407
12409
12410
12411
12412
12413
12415
12417
12418
12419
12422
12423
12424
12425
12428
12429
12431
12432
12433
12434
12435
12436
12437
12438
12440
12441
12442
12443
12444
12445
12446
12447
12448
12449
12450
12451
12452
12453
12454
12456
12457
12458
12459
12460
12461
12462
12463
12464
12465
12466
12467
12468
12470
12471
12472
12475
12476
12477
12479
12480
12481
12482
12483
12484
12485
12487
12489
12490
12491
12492
12493
12494
12495
12496
12497
12498
12499
12500
12502
12503
12504
12519
12523
12526
12527
12528
12529
12530
12531
12532
12533
12534
12539
12540
12542
12544
12550
12552
12556
12557
12558
12559
12560
12561
12563
12564
12568
12573
12576
12577
12579
12584
12585
12586
12587
12589
12590
12591
12593
12594
12596
12601
12603
12604
12607
12608
12609
12614
12615
12620
12622
12626
12629
12630
12631
12637
12643
12645
12647
12648
12649
